254 254 254 
255 255 255 
255 255 255 
255 255 255 
255 255 255 
255 255 255 
255 255 255 
255 255 255 
255 255 255 
255 255 255 
255 255 255 
255 255 255 
255 255 255 
255 255 255 
255 255 255 
255 255 255 
255 255 255 
255 255 255 
255 255 255 
255 255 255 
255 255 255 
255 255 255 
255 255 255 
255 255 255 
255 255 255 
255 255 255 
255 255 255 
255 255 255 
255 255 255 
255 255 255 
255 255 255 
255 255 255 
255 255 255 
255 255 255 
255 255 255 
255 255 255 
255 255 255 
255 255 255 
255 255 255 
255 255 255 
255 255 255 
255 255 255 
255 255 255 
255 255 255 
255 255 255 
255 255 255 
255 255 255 
255 255 255 
255 255 255 
255 255 255 
255 255 255 
255 255 255 
255 255 255 
255 255 255 
255 255 255 
255 255 255 
255 255 255 
255 255 255 
255 255 255 
255 255 255 
255 255 255 
255 255 255 
255 255 255 
255 255 255 
255 255 255 
255 255 255 
255 255 255 
255 255 255 
255 255 255 
255 255 255 
255 255 255 
255 255 255 
255 255 255 
255 255 255 
255 255 255 
255 255 255 
255 255 255 
255 255 255 
255 255 255 
255 255 255 
255 255 255 
254 254 254 
255 255 255 
255 255 255 
255 255 255 
255 255 255 
255 255 255 
255 255 255 
255 255 255 
255 255 255 
255 255 255 
255 255 255 
255 255 255 
255 255 255 
255 255 255 
255 255 255 
255 255 255 
255 255 255 
255 255 255 
255 255 255 
255 255 255 
255 255 255 
255 255 255 
255 255 255 
255 255 255 
255 255 255 
255 255 255 
255 255 255 
255 255 255 
255 255 255 
255 255 255 
255 255 255 
255 255 255 
255 255 255 
255 255 255 
255 255 255 
255 255 255 
255 255 255 
255 255 255 
255 255 255 
255 255 255 
255 255 255 
255 255 255 
255 255 255 
255 255 255 
255 255 255 
255 255 255 
255 255 255 
255 255 255 
255 255 255 
255 255 255 
255 255 255 
255 255 255 
255 255 255 
255 255 255 
255 255 255 
255 255 255 
255 255 255 
255 255 255 
255 255 255 
255 255 255 
255 255 255 
255 255 255 
255 255 255 
255 255 255 
255 255 255 
255 255 255 
255 255 255 
255 255 255 
255 255 255 
255 255 255 
255 255 255 
255 255 255 
255 255 255 
255 255 255 
255 255 255 
255 255 255 
255 255 255 
255 255 255 
255 255 255 
255 255 255 
255 255 255 
55 56 57 
254 255 254 
254 254 254 
254 254 254 
254 254 254 
254 254 254 
255 255 255 
255 255 255 
255 255 255 
255 255 255 
254 254 254 
254 254 254 
254 254 254 
254 254 254 
254 255 254 
254 254 254 
255 255 255 
254 254 254 
255 255 255 
255 255 255 
254 255 254 
255 255 255 
255 255 255 
255 255 255 
255 255 255 
255 255 255 
255 255 255 
255 255 255 
255 255 255 
255 255 255 
255 255 255 
255 255 255 
254 255 255 
254 254 255 
254 254 255 
254 254 255 
255 255 255 
254 254 255 
255 255 255 
255 255 255 
255 255 255 
255 255 255 
255 255 255 
255 255 255 
255 255 255 
255 255 255 
255 255 255 
255 255 255 
255 255 255 
255 255 255 
255 255 255 
255 255 255 
255 255 255 
255 255 255 
255 255 255 
255 255 255 
255 255 255 
254 254 254 
254 254 254 
255 255 254 
255 255 255 
255 255 255 
254 254 254 
254 255 254 
255 255 255 
255 255 255 
255 255 255 
254 254 254 
254 254 254 
254 254 254 
254 254 254 
254 254 254 
253 253 254 
254 254 254 
251 253 254 
255 255 255 
255 255 255 
255 255 255 
255 255 255 
255 255 255 
255 255 255 
254 254 254 
255 255 255 
52 52 52 
248 248 248 
55 53 54 
250 250 250 
249 249 249 
47 46 50 
20 18 23 
39 23 16 
69 41 21 
85 47 18 
41 44 23 
169 112 56 
146 212 193 
125 200 180 
144 210 191 
97 163 144 
23 62 53 
98 169 151 
150 221 202 
130 197 176 
254 254 254 
23 28 38 
120 134 182 
52 72 108 
118 151 215 
115 142 213 
23 30 44 
73 102 168 
109 150 225 
123 159 236 
124 158 233 
84 110 179 
134 167 238 
107 141 216 
132 160 236 
108 135 211 
254 254 254 
25 25 29 
26 31 37 
25 28 26 
95 93 57 
90 89 48 
80 82 45 
81 83 48 
89 90 56 
43 39 17 
85 80 48 
100 95 52 
52 52 24 
90 88 58 
38 35 18 
91 89 54 
80 79 44 
50 47 28 
31 26 16 
35 31 16 
89 86 48 
91 90 47 
98 94 49 
100 97 54 
94 100 63 
24 31 29 
123 217 229 
124 213 224 
16 22 35 
92 97 198 
60 68 167 
81 90 206 
18 21 42 
96 126 216 
38 47 80 
9 19 61 
41 55 113 
251 252 254 
255 255 255 
255 255 255 
255 255 255 
255 255 255 
255 255 255 
251 251 251 
255 255 255 
254 254 254 
254 254 254 
254 254 254 
255 255 254 
253 253 253 
21 20 23 
24 23 27 
34 28 30 
45 23 10 
85 46 16 
151 104 68 
167 102 42 
86 156 137 
30 61 51 
151 226 205 
149 221 201 
146 212 194 
109 182 157 
27 44 34 
74 127 110 
254 254 254 
250 252 253 
248 250 251 
34 35 46 
252 252 254 
252 252 254 
248 249 253 
127 159 231 
104 131 216 
21 31 51 
80 108 196 
127 152 240 
82 108 191 
19 28 41 
82 108 188 
25 37 60 
254 254 254 
92 90 68 
132 193 209 
123 199 209 
126 212 221 
124 206 210 
31 32 19 
27 25 15 
30 28 17 
35 35 24 
46 41 22 
46 47 32 
26 21 12 
28 26 17 
26 26 15 
43 37 21 
29 23 13 
34 28 14 
95 91 50 
90 83 46 
96 90 46 
95 90 47 
96 91 53 
29 32 18 
129 215 222 
161 218 227 
134 217 230 
123 217 227 
17 28 36 
82 81 198 
73 77 202 
74 77 195 
17 18 43 
91 116 202 
69 85 151 
128 146 211 
116 139 208 
254 254 254 
255 255 255 
255 255 255 
255 255 255 
255 255 255 
255 255 255 
254 254 254 
255 255 255 
254 254 254 
255 255 255 
255 255 255 
255 255 255 
254 254 254 
33 32 35 
25 20 22 
39 21 11 
74 39 15 
91 49 21 
162 107 57 
181 116 50 
133 205 185 
100 177 155 
105 178 160 
105 177 158 
88 148 128 
149 215 193 
105 173 151 
28 36 30 
254 254 254 
254 254 254 
254 254 254 
244 245 245 
255 255 255 
255 255 255 
253 253 254 
142 170 233 
86 116 190 
73 96 175 
121 146 227 
85 111 193 
126 151 231 
32 35 50 
28 30 48 
31 31 45 
253 254 253 
39 24 16 
92 101 171 
146 205 212 
22 49 57 
124 208 217 
23 24 16 
109 130 177 
135 206 219 
51 81 90 
129 202 207 
136 216 223 
134 210 217 
132 212 220 
100 95 65 
26 24 13 
32 29 16 
96 86 47 
101 91 46 
96 93 47 
100 96 52 
38 26 23 
33 24 26 
132 211 218 
134 221 229 
33 68 76 
133 216 229 
131 214 227 
18 27 35 
76 77 182 
16 21 60 
12 16 37 
22 30 41 
251 252 252 
252 252 252 
250 251 252 
20 33 78 
252 253 254 
255 255 255 
255 255 255 
255 255 255 
255 255 255 
255 255 255 
255 255 255 
254 254 254 
86 86 86 
254 254 254 
255 255 255 
255 255 255 
254 254 254 
119 109 101 
37 27 22 
62 36 18 
166 121 86 
146 95 49 
182 114 48 
160 104 42 
164 222 203 
124 192 174 
158 226 208 
118 190 170 
136 204 184 
139 202 184 
151 215 195 
98 155 133 
254 254 254 
254 254 254 
254 254 254 
254 254 254 
255 255 255 
255 255 255 
255 255 255 
247 249 253 
41 50 64 
130 155 233 
25 26 52 
28 29 47 
30 33 46 
24 32 36 
41 42 46 
26 25 28 
254 254 254 
102 94 63 
17 26 68 
147 209 216 
143 211 218 
125 190 199 
49 52 40 
12 28 59 
160 223 233 
153 211 218 
124 213 223 
144 213 221 
132 212 219 
133 212 218 
96 93 53 
34 35 18 
89 85 49 
105 94 55 
102 95 55 
35 24 11 
83 61 73 
139 112 138 
41 27 38 
147 221 226 
121 217 222 
125 215 227 
133 216 228 
125 212 225 
19 28 34 
76 78 189 
18 21 47 
18 26 30 
250 251 251 
255 255 255 
255 255 255 
248 252 253 
114 139 190 
252 253 254 
255 255 254 
255 255 255 
255 255 255 
255 255 255 
255 255 255 
255 255 255 
255 255 255 
252 252 252 
253 253 253 
254 254 254 
253 254 253 
254 254 253 
97 59 20 
250 249 249 
86 51 25 
105 59 22 
191 130 70 
181 120 56 
38 42 22 
114 176 159 
159 225 205 
139 202 182 
145 218 200 
100 168 150 
30 40 34 
93 151 133 
139 200 180 
254 254 254 
119 119 119 
255 255 255 
255 255 255 
255 255 255 
255 255 255 
254 254 254 
20 22 33 
103 123 207 
38 39 65 
20 26 36 
41 48 50 
21 28 31 
25 34 37 
75 77 81 
29 28 31 
254 254 254 
36 34 20 
129 210 217 
83 126 132 
143 208 216 
12 31 35 
89 87 56 
12 25 44 
81 93 161 
145 201 205 
144 210 214 
157 221 228 
16 43 52 
143 216 223 
103 105 65 
97 94 55 
96 93 54 
94 88 48 
37 26 14 
36 22 15 
197 173 186 
135 108 131 
34 21 32 
109 89 110 
21 24 32 
17 49 60 
84 125 137 
14 42 56 
17 26 32 
20 22 54 
15 20 36 
24 30 33 
252 252 252 
255 255 255 
255 255 255 
250 253 253 
130 155 200 
251 252 254 
255 255 255 
255 255 255 
255 255 255 
255 255 255 
255 255 255 
255 255 255 
254 254 254 
35 32 34 
96 90 91 
100 65 36 
92 52 16 
159 114 68 
178 133 87 
178 123 61 
181 130 83 
191 126 60 
188 125 59 
176 121 58 
186 130 69 
145 214 198 
140 200 182 
158 221 203 
105 177 158 
35 48 43 
128 187 170 
88 143 125 
150 209 191 
254 254 254 
254 254 254 
255 255 255 
254 254 254 
255 255 255 
255 255 255 
254 254 254 
102 101 105 
32 34 46 
25 33 37 
31 40 42 
20 29 32 
28 36 39 
35 40 43 
30 37 40 
20 21 26 
254 254 254 
99 95 64 
14 37 43 
140 209 215 
10 38 47 
81 118 126 
95 91 59 
125 199 211 
153 220 229 
19 44 52 
12 36 43 
84 125 132 
137 201 207 
14 38 41 
102 96 59 
42 28 14 
172 149 128 
40 28 13 
43 25 14 
52 29 17 
34 18 13 
213 185 211 
176 149 176 
79 57 72 
20 22 31 
134 211 215 
140 215 225 
131 207 215 
23 30 37 
93 89 176 
26 25 41 
22 21 25 
254 254 254 
255 255 255 
255 255 255 
252 253 253 
28 44 77 
252 253 254 
255 255 255 
255 255 255 
255 255 255 
255 255 255 
255 255 255 
255 255 255 
254 254 254 
52 48 51 
62 37 21 
187 141 97 
148 101 54 
199 140 76 
194 132 65 
191 132 71 
188 122 56 
59 46 24 
188 127 64 
38 57 43 
30 41 37 
107 162 148 
165 224 209 
63 111 97 
125 189 171 
29 37 31 
40 56 49 
154 206 192 
20 26 24 
254 254 254 
251 251 251 
254 254 254 
253 253 253 
254 254 254 
254 254 254 
253 253 253 
25 23 28 
27 26 30 
27 33 36 
21 30 33 
48 57 61 
22 29 33 
78 85 88 
30 38 41 
33 38 42 
253 254 254 
34 30 21 
139 206 213 
144 215 219 
13 37 45 
135 209 217 
92 88 56 
129 205 218 
83 124 130 
149 210 212 
13 37 43 
164 218 222 
146 210 214 
19 45 53 
35 25 15 
203 178 150 
41 27 19 
207 185 161 
155 109 71 
151 95 50 
33 18 11 
147 120 144 
165 137 162 
46 29 43 
121 102 120 
130 211 216 
121 213 222 
251 252 253 
254 254 254 
251 251 252 
253 253 253 
252 252 252 
253 253 253 
255 255 255 
255 255 255 
253 253 254 
31 46 84 
251 252 254 
255 255 255 
255 255 255 
255 255 255 
255 255 255 
255 255 255 
255 255 255 
254 254 254 
57 38 22 
160 114 71 
192 128 68 
207 148 85 
179 121 67 
108 62 21 
45 37 25 
55 39 25 
160 224 208 
136 200 180 
111 148 136 
163 207 196 
22 47 39 
142 205 189 
122 187 169 
160 230 211 
29 39 33 
30 36 30 
26 35 30 
127 176 162 
253 254 254 
251 251 251 
254 254 254 
87 93 118 
21 26 44 
21 23 26 
109 108 111 
27 27 30 
32 31 35 
25 26 30 
23 31 35 
44 53 56 
31 37 40 
37 42 45 
27 36 39 
28 36 39 
254 254 254 
89 90 63 
16 40 47 
142 218 223 
79 117 124 
12 30 31 
95 91 58 
11 28 35 
159 226 230 
154 223 227 
12 35 42 
74 115 122 
12 33 41 
143 217 226 
194 175 151 
39 26 15 
58 29 11 
148 102 58 
163 107 56 
181 121 71 
41 23 14 
216 189 214 
128 101 125 
204 178 202 
21 21 31 
35 61 70 
249 252 252 
254 254 255 
255 255 255 
255 255 255 
255 255 255 
254 254 254 
93 93 94 
254 254 254 
255 255 255 
253 254 254 
127 154 201 
254 254 254 
255 255 255 
255 255 255 
255 255 255 
255 255 255 
255 255 255 
255 255 255 
255 255 254 
92 53 17 
160 106 50 
193 134 69 
176 121 64 
140 97 61 
43 42 31 
136 191 178 
72 104 93 
112 175 158 
109 168 149 
158 214 195 
232 233 231 
228 237 235 
99 143 130 
25 41 35 
141 211 194 
123 185 166 
31 38 33 
148 210 192 
77 126 110 
254 254 254 
253 254 254 
252 253 254 
158 169 207 
23 26 52 
27 26 30 
250 250 250 
38 37 40 
20 21 25 
72 73 77 
27 35 38 
28 37 41 
25 34 37 
31 39 42 
22 30 33 
76 85 88 
254 254 254 
104 95 56 
20 32 30 
148 217 222 
8 33 41 
73 112 117 
87 84 50 
144 221 230 
147 214 221 
85 122 129 
136 220 224 
161 223 229 
152 219 224 
131 206 214 
154 106 62 
163 100 49 
152 99 53 
171 111 60 
158 99 47 
154 95 45 
67 35 18 
34 18 12 
195 169 192 
151 124 151 
127 104 129 
25 33 43 
251 253 254 
255 255 255 
255 255 255 
255 255 255 
255 255 255 
255 255 255 
253 253 253 
255 255 255 
255 255 255 
251 253 254 
117 136 184 
250 251 254 
255 255 255 
255 255 255 
255 255 255 
255 255 255 
255 255 255 
255 255 255 
255 255 254 
146 92 40 
198 137 73 
125 79 34 
43 35 25 
66 34 12 
34 48 42 
16 31 25 
131 185 170 
29 60 49 
155 213 197 
134 191 177 
229 235 236 
34 36 38 
150 207 190 
92 123 113 
104 171 155 
148 209 193 
28 39 34 
113 174 157 
107 168 151 
254 254 254 
170 185 198 
19 26 34 
120 146 214 
81 98 181 
23 27 40 
70 68 73 
21 20 24 
34 38 41 
36 43 46 
19 28 31 
22 32 35 
53 62 66 
22 31 35 
25 34 36 
25 32 35 
253 254 254 
38 33 18 
78 117 122 
150 218 223 
139 206 211 
9 28 31 
98 89 57 
126 213 219 
18 37 46 
160 218 223 
136 219 226 
134 217 224 
139 220 228 
133 219 229 
17 36 40 
97 54 18 
170 112 61 
161 102 50 
162 104 53 
169 109 60 
81 44 22 
31 19 15 
177 152 176 
212 186 215 
47 30 45 
138 201 207 
253 254 254 
255 255 255 
255 255 255 
255 255 255 
255 255 255 
255 255 255 
255 255 255 
255 255 255 
255 255 255 
252 253 254 
21 33 72 
245 248 253 
255 254 255 
255 255 255 
255 255 255 
255 255 255 
255 255 255 
255 255 255 
255 255 254 
195 139 75 
186 132 69 
66 35 14 
47 38 29 
155 210 201 
120 177 165 
204 223 214 
101 148 136 
146 206 193 
90 143 130 
161 220 206 
125 175 163 
229 233 234 
23 24 26 
163 214 200 
151 217 201 
101 165 149 
141 204 187 
136 198 182 
159 219 203 
253 254 254 
136 165 236 
80 106 169 
91 119 197 
139 163 242 
21 26 50 
25 34 37 
28 34 38 
26 34 37 
34 42 45 
19 29 32 
16 27 30 
36 45 49 
19 28 31 
24 33 37 
27 38 40 
254 254 254 
106 101 75 
12 38 46 
146 217 225 
148 217 220 
13 32 39 
32 22 12 
123 190 196 
147 221 227 
131 213 221 
135 218 223 
140 218 224 
137 218 224 
128 223 231 
174 120 73 
139 89 44 
166 109 59 
177 120 65 
174 115 65 
167 112 62 
155 98 48 
154 105 65 
116 91 117 
154 130 155 
156 132 150 
140 204 210 
253 254 254 
255 255 255 
255 255 255 
255 255 255 
255 255 255 
255 255 255 
254 254 254 
255 255 255 
255 255 255 
253 253 254 
24 39 76 
253 254 254 
255 255 255 
255 255 255 
255 255 255 
255 255 255 
255 255 255 
255 255 255 
255 255 255 
195 139 74 
191 133 67 
88 63 40 
44 42 35 
95 140 130 
35 62 55 
150 208 198 
160 215 203 
110 169 157 
149 209 196 
124 185 172 
145 210 197 
129 180 169 
221 230 226 
25 32 31 
132 196 182 
140 202 186 
93 152 136 
24 43 34 
31 48 45 
253 254 254 
112 142 218 
104 133 209 
72 96 182 
94 120 201 
22 27 54 
16 26 30 
23 33 36 
22 33 36 
91 117 119 
20 38 42 
7 37 39 
16 36 38 
22 40 44 
85 105 109 
11 29 31 
252 253 253 
83 87 65 
117 174 181 
147 212 220 
94 130 135 
7 30 39 
34 22 15 
40 19 12 
155 102 59 
160 103 53 
166 108 58 
46 38 34 
160 103 61 
172 117 69 
168 110 59 
157 101 54 
172 115 62 
168 108 55 
170 111 59 
161 102 52 
163 108 59 
75 34 10 
47 27 18 
126 100 124 
28 19 32 
98 81 98 
251 253 253 
254 254 254 
255 255 255 
255 255 255 
255 255 255 
255 255 255 
252 252 252 
255 255 255 
255 255 255 
251 253 254 
110 135 196 
253 253 254 
255 255 255 
255 255 255 
255 255 255 
255 255 255 
255 255 255 
255 255 255 
255 255 255 
76 45 15 
204 146 81 
46 34 26 
38 41 37 
155 210 196 
27 39 33 
109 168 155 
29 52 44 
155 202 192 
154 215 202 
62 105 95 
42 63 58 
152 216 202 
140 197 183 
156 217 201 
148 208 192 
148 214 197 
119 185 169 
162 229 213 
118 181 164 
253 254 254 
41 60 111 
134 169 237 
132 158 238 
21 25 52 
16 26 31 
33 58 62 
105 132 135 
15 37 41 
178 207 210 
129 154 158 
194 226 229 
159 213 204 
105 131 133 
135 199 191 
180 202 206 
252 253 254 
92 95 71 
131 223 227 
69 106 115 
133 207 223 
135 211 218 
72 45 21 
39 21 10 
138 87 53 
153 97 55 
161 103 60 
52 42 52 
164 171 201 
199 209 238 
143 152 179 
197 204 232 
180 126 80 
167 109 58 
166 108 57 
185 127 78 
161 108 69 
158 105 55 
157 105 60 
199 173 196 
173 148 169 
35 28 37 
201 200 208 
253 254 254 
254 254 254 
253 254 254 
253 253 253 
253 253 253 
75 82 90 
253 254 254 
254 254 254 
254 254 254 
248 249 251 
250 250 251 
254 254 254 
255 255 255 
255 255 255 
255 255 255 
255 255 255 
255 255 255 
254 254 254 
101 65 23 
190 126 60 
56 36 22 
40 35 36 
33 41 35 
28 38 31 
112 164 149 
28 42 35 
15 38 30 
125 187 173 
161 221 209 
112 174 161 
117 180 163 
68 123 110 
111 174 157 
77 130 115 
134 194 179 
104 160 146 
26 46 37 
131 183 166 
253 254 254 
18 31 43 
86 120 192 
121 147 225 
64 91 107 
121 152 158 
177 223 227 
157 219 224 
8 38 42 
168 229 233 
183 226 229 
109 167 158 
65 99 102 
17 68 56 
83 144 131 
138 202 189 
253 254 253 
176 121 66 
22 18 14 
43 37 26 
58 38 19 
18 28 25 
165 108 51 
53 30 12 
50 26 12 
61 33 20 
167 173 209 
141 140 169 
207 212 238 
36 30 40 
198 208 235 
170 177 204 
200 211 234 
41 30 25 
169 107 55 
148 88 38 
171 114 68 
156 100 49 
133 82 40 
39 22 19 
188 164 186 
127 104 124 
127 213 224 
43 55 71 
180 170 178 
82 82 180 
18 24 28 
13 18 21 
127 166 220 
29 41 61 
132 167 224 
253 253 253 
254 254 254 
19 21 35 
254 255 254 
255 255 255 
255 255 255 
255 255 255 
255 255 255 
255 255 255 
254 254 254 
195 140 83 
196 138 73 
68 40 17 
22 17 18 
32 37 33 
155 208 194 
171 221 208 
92 124 117 
208 232 227 
128 192 179 
151 221 209 
152 219 207 
161 225 213 
128 196 183 
147 219 202 
117 187 171 
143 212 197 
26 50 41 
162 222 208 
118 183 165 
252 253 254 
98 138 208 
142 171 238 
78 106 181 
13 31 55 
158 214 223 
87 130 135 
19 36 41 
48 91 96 
114 161 166 
142 216 203 
155 222 207 
131 198 183 
106 171 157 
148 212 198 
142 211 198 
254 254 254 
33 25 17 
190 136 76 
45 25 13 
161 114 73 
169 121 72 
72 41 15 
162 116 72 
43 27 18 
201 204 237 
152 156 191 
194 194 233 
185 186 225 
183 188 221 
201 207 235 
138 144 170 
154 162 185 
192 199 222 
163 113 71 
175 119 72 
158 106 64 
74 35 12 
169 111 63 
37 20 22 
211 185 210 
189 163 187 
131 105 130 
102 93 130 
25 16 30 
15 19 36 
16 23 29 
16 25 31 
76 114 178 
80 115 192 
119 153 234 
254 254 254 
255 255 255 
253 253 253 
255 254 255 
255 255 255 
255 255 255 
255 255 255 
255 255 255 
255 255 255 
254 254 254 
86 55 23 
190 138 81 
184 134 80 
43 35 35 
20 23 25 
25 35 29 
144 194 182 
141 203 189 
124 182 169 
159 226 213 
127 203 187 
139 207 193 
29 47 39 
145 211 199 
130 200 184 
100 158 142 
148 215 199 
130 198 182 
160 225 208 
117 178 163 
254 254 254 
138 175 239 
89 122 187 
138 169 239 
86 114 193 
19 31 39 
24 31 31 
20 32 33 
82 122 116 
20 44 40 
98 172 159 
125 190 176 
158 228 217 
149 221 207 
127 201 189 
119 187 175 
253 254 254 
223 211 197 
189 138 79 
177 125 66 
47 27 12 
57 31 15 
181 127 72 
178 134 82 
202 214 236 
161 168 192 
62 66 87 
192 199 226 
135 137 166 
28 31 44 
191 199 227 
32 36 52 
199 206 230 
18 18 28 
88 52 25 
183 129 85 
184 126 81 
161 106 61 
167 114 71 
125 102 125 
138 112 137 
212 184 210 
144 216 224 
45 31 48 
31 24 41 
14 15 46 
13 19 29 
17 23 36 
131 166 230 
80 116 190 
60 89 164 
254 254 254 
255 255 255 
254 254 254 
255 255 255 
255 255 255 
255 255 255 
255 255 255 
255 255 255 
255 255 255 
254 254 254 
111 70 31 
189 134 78 
191 137 78 
56 35 18 
25 22 24 
63 75 72 
22 37 30 
174 222 210 
87 124 114 
23 43 39 
137 201 187 
148 216 201 
134 205 190 
137 199 183 
153 216 199 
20 38 30 
145 206 192 
133 204 188 
150 206 192 
12 27 23 
253 254 254 
94 131 199 
100 135 204 
107 134 215 
47 64 135 
22 30 29 
80 110 103 
145 192 181 
150 209 198 
130 180 173 
143 202 193 
68 106 100 
111 185 175 
64 98 91 
22 36 33 
146 215 204 
254 254 254 
175 158 136 
238 223 202 
188 132 69 
71 43 20 
181 128 80 
185 131 70 
34 30 33 
156 165 192 
197 205 231 
22 24 40 
202 209 230 
174 181 209 
201 202 231 
129 133 156 
188 194 221 
133 134 154 
105 107 124 
164 120 81 
171 115 69 
169 114 72 
44 22 27 
220 194 222 
170 143 171 
39 24 38 
146 119 147 
146 122 143 
28 28 56 
27 17 26 
74 74 189 
14 15 37 
19 25 35 
125 163 232 
132 166 241 
111 144 223 
254 254 254 
254 254 254 
15 14 14 
254 254 254 
255 255 255 
255 255 255 
255 255 255 
255 255 255 
255 255 255 
254 254 254 
43 30 21 
127 90 57 
193 149 111 
251 249 247 
252 252 252 
24 27 27 
24 30 29 
32 43 38 
141 203 189 
27 42 37 
21 32 29 
163 208 197 
15 34 28 
54 80 73 
112 171 156 
139 184 169 
132 191 176 
217 242 235 
30 42 37 
79 112 102 
254 254 254 
64 94 156 
80 111 182 
133 162 235 
20 25 46 
76 94 97 
13 29 25 
29 54 47 
168 220 208 
104 171 157 
143 208 195 
138 196 185 
16 31 28 
18 29 26 
113 185 174 
134 205 193 
253 254 254 
31 25 17 
221 203 178 
50 30 18 
182 130 76 
57 34 19 
207 214 234 
161 169 193 
197 206 232 
202 210 236 
185 192 219 
116 122 143 
15 29 28 
195 203 227 
21 22 37 
21 22 36 
197 202 223 
28 27 37 
100 59 33 
184 133 94 
201 174 208 
159 130 170 
111 86 116 
117 93 117 
202 176 203 
166 137 168 
134 104 135 
94 83 129 
189 177 189 
22 23 56 
11 16 32 
18 24 37 
80 118 189 
129 163 235 
85 98 193 
254 254 254 
254 254 254 
138 138 138 
252 252 252 
255 255 255 
255 255 255 
255 255 255 
255 255 255 
255 255 255 
254 254 254 
32 26 28 
69 40 18 
253 253 253 
255 255 255 
253 253 253 
30 26 30 
159 186 178 
27 34 31 
21 41 33 
152 207 195 
20 29 27 
90 126 117 
24 38 33 
141 202 189 
154 201 189 
245 247 245 
253 253 253 
254 254 254 
250 253 253 
123 183 170 
254 254 254 
128 163 228 
141 170 234 
97 120 190 
22 29 52 
20 26 29 
145 181 173 
187 226 227 
134 182 173 
20 34 31 
103 147 139 
161 210 201 
23 31 29 
120 183 170 
150 221 209 
26 45 42 
254 254 254 
179 132 82 
56 37 20 
241 227 209 
188 171 147 
171 120 66 
186 192 218 
150 162 188 
202 214 238 
179 189 214 
183 193 220 
107 128 128 
57 93 86 
196 211 229 
152 157 181 
54 56 74 
216 218 236 
24 20 25 
164 110 66 
166 115 76 
223 195 228 
196 168 207 
51 24 32 
155 130 159 
157 105 68 
145 116 145 
216 187 218 
169 149 166 
30 22 39 
12 13 39 
13 18 38 
19 25 38 
125 160 229 
86 92 203 
24 31 76 
254 254 254 
254 254 254 
6 6 6 
254 254 254 
255 255 255 
255 255 255 
254 254 254 
254 254 254 
255 255 255 
254 254 254 
36 31 35 
36 28 27 
253 252 253 
255 255 255 
255 255 255 
252 253 253 
91 115 108 
153 205 193 
174 223 211 
91 132 122 
24 33 30 
152 206 193 
96 133 124 
153 201 193 
33 32 21 
252 250 248 
254 255 255 
255 255 255 
254 254 254 
138 206 196 
254 254 254 
92 120 193 
142 170 239 
138 162 236 
74 88 134 
19 24 36 
105 143 135 
22 41 35 
200 230 229 
188 217 214 
21 37 35 
18 26 24 
127 201 192 
157 225 213 
111 181 169 
131 200 189 
253 254 254 
185 140 88 
41 29 20 
65 47 30 
185 136 82 
143 192 182 
84 121 116 
195 207 226 
182 191 217 
82 88 108 
188 198 222 
187 201 216 
136 185 176 
168 186 199 
204 209 234 
205 212 236 
186 191 217 
186 190 218 
169 117 77 
172 120 80 
134 107 142 
167 138 170 
127 99 135 
156 107 72 
167 115 74 
41 20 24 
206 177 203 
88 73 171 
80 78 196 
15 16 45 
12 14 34 
17 20 36 
17 27 83 
21 23 67 
82 74 162 
254 253 253 
255 255 255 
254 254 254 
255 255 255 
255 255 255 
254 254 254 
56 55 54 
255 255 255 
255 255 255 
254 254 254 
34 28 33 
37 32 34 
254 254 254 
255 255 255 
254 254 254 
42 41 30 
25 29 22 
32 54 47 
118 166 154 
80 99 91 
24 29 24 
21 25 22 
37 31 24 
198 144 83 
176 127 78 
254 254 254 
255 255 255 
255 255 255 
253 254 254 
27 38 36 
254 254 254 
13 20 28 
84 112 185 
91 117 191 
126 150 219 
199 227 230 
163 212 205 
19 29 29 
182 219 215 
17 25 25 
90 119 114 
77 123 115 
142 203 192 
111 184 176 
76 104 99 
148 198 190 
254 254 254 
30 23 16 
253 253 251 
209 197 179 
36 25 17 
186 132 74 
26 37 30 
17 29 29 
201 210 230 
19 21 28 
99 98 130 
23 26 45 
137 189 176 
16 21 30 
28 32 49 
147 154 177 
194 201 229 
198 201 224 
167 114 70 
26 21 29 
74 38 21 
157 107 69 
166 112 70 
165 112 74 
134 81 44 
56 28 21 
142 114 140 
85 72 132 
39 25 66 
13 14 38 
12 14 37 
15 16 43 
84 91 201 
74 69 159 
87 79 167 
253 253 253 
254 254 254 
35 36 36 
254 254 254 
255 255 255 
255 255 255 
253 253 253 
254 255 255 
255 255 255 
254 254 254 
78 73 76 
26 21 24 
253 252 252 
255 255 255 
254 254 254 
187 137 84 
189 136 73 
45 30 19 
18 29 24 
81 59 34 
150 198 185 
69 49 31 
183 130 70 
189 134 71 
184 136 81 
251 252 252 
255 255 255 
255 255 255 
254 254 254 
122 188 174 
254 254 254 
128 157 226 
130 156 222 
83 110 179 
144 169 239 
194 226 234 
192 226 227 
188 219 218 
28 52 45 
133 176 166 
127 185 173 
20 55 49 
147 207 198 
141 208 199 
19 32 30 
23 31 31 
253 254 254 
17 17 18 
252 253 252 
42 29 19 
140 129 114 
187 133 73 
143 209 197 
19 38 29 
149 169 176 
21 28 27 
36 63 55 
149 205 193 
103 168 155 
86 94 115 
203 211 232 
151 157 180 
129 135 162 
81 85 106 
129 134 155 
171 119 78 
171 115 73 
170 117 74 
165 111 65 
87 45 19 
169 112 68 
160 109 69 
182 156 178 
21 14 31 
16 9 36 
15 16 42 
13 15 43 
77 76 196 
67 62 143 
80 75 164 
54 47 116 
254 254 254 
255 255 255 
254 254 254 
255 255 255 
255 255 255 
254 254 254 
109 109 108 
255 255 255 
255 255 255 
254 254 254 
31 25 30 
31 27 27 
252 252 252 
252 252 252 
253 253 253 
75 47 23 
87 51 19 
180 127 71 
186 134 75 
104 67 27 
191 141 87 
190 137 75 
192 139 80 
167 125 83 
113 73 35 
70 43 21 
253 253 253 
253 254 254 
252 254 254 
131 197 184 
253 254 254 
95 119 187 
94 120 181 
135 162 223 
118 146 215 
175 221 218 
199 229 231 
88 114 114 
193 227 226 
131 166 159 
150 212 200 
107 159 152 
65 108 103 
21 29 28 
162 214 207 
120 166 160 
253 254 254 
252 252 252 
255 255 255 
254 254 254 
221 206 186 
184 134 82 
102 71 40 
90 155 142 
81 116 107 
149 200 186 
113 175 161 
154 221 206 
155 217 205 
146 193 185 
22 19 39 
202 208 233 
186 194 221 
202 208 229 
29 32 47 
153 110 76 
227 216 215 
221 217 212 
41 29 21 
164 113 71 
160 107 65 
149 110 90 
63 33 20 
19 11 31 
75 74 187 
13 14 42 
79 79 195 
72 66 156 
77 69 158 
79 71 155 
86 75 154 
253 253 253 
254 254 254 
66 68 69 
254 254 254 
255 255 255 
254 254 254 
253 252 252 
255 255 255 
255 255 255 
254 254 254 
36 31 34 
22 18 19 
22 19 22 
26 23 25 
73 68 69 
34 24 21 
153 122 94 
167 123 82 
157 116 76 
63 32 10 
61 30 9 
101 64 32 
180 137 95 
75 42 14 
157 120 86 
66 36 14 
68 51 38 
141 208 200 
21 29 27 
122 189 177 
254 254 254 
22 26 39 
136 165 230 
142 166 230 
60 82 137 
177 225 226 
116 173 160 
192 222 223 
193 226 225 
32 45 46 
20 33 29 
23 30 29 
22 30 28 
27 33 32 
26 34 33 
24 31 31 
253 254 254 
254 254 254 
255 255 255 
252 252 250 
166 147 125 
188 133 73 
184 136 80 
44 65 49 
141 199 186 
120 185 168 
118 191 175 
110 179 164 
151 204 193 
15 36 31 
24 24 36 
154 160 184 
196 208 235 
188 199 229 
25 23 32 
26 22 28 
175 161 158 
182 165 151 
33 25 18 
27 19 15 
34 25 19 
19 15 14 
20 15 16 
16 9 31 
75 75 182 
17 17 52 
78 74 191 
70 64 157 
72 66 155 
75 67 152 
81 71 149 
253 253 254 
254 254 254 
62 62 62 
254 254 254 
255 255 255 
255 255 255 
253 253 253 
255 255 255 
255 255 255 
255 254 255 
254 254 254 
254 254 254 
254 254 254 
254 254 254 
254 254 254 
254 254 254 
254 254 254 
254 254 254 
254 254 254 
254 254 254 
254 254 254 
254 254 254 
254 254 254 
254 254 254 
254 254 254 
254 254 254 
254 254 254 
254 254 254 
254 254 254 
253 254 253 
253 254 254 
101 126 185 
140 164 222 
85 107 162 
90 114 184 
190 226 232 
27 37 41 
21 30 30 
35 39 42 
34 40 40 
24 31 30 
75 107 102 
28 37 35 
25 36 34 
19 28 26 
145 195 189 
254 254 254 
254 254 254 
254 254 254 
55 40 25 
187 139 85 
184 133 78 
36 29 20 
82 137 125 
150 207 194 
136 209 196 
16 38 34 
165 225 215 
78 118 110 
26 31 38 
212 218 232 
203 212 236 
158 169 197 
107 112 137 
183 191 217 
198 205 230 
140 142 162 
25 23 30 
94 87 85 
212 205 196 
151 136 119 
33 25 19 
218 213 209 
31 30 35 
78 76 204 
11 12 51 
66 64 162 
69 65 163 
74 70 162 
74 68 156 
24 21 38 
253 253 253 
252 252 252 
254 254 254 
255 255 255 
255 255 255 
254 254 254 
254 254 254 
255 255 255 
255 255 255 
254 254 254 
33 31 34 
41 36 38 
27 23 26 
252 252 252 
79 79 79 
254 254 254 
254 254 254 
41 40 43 
27 22 21 
38 25 17 
45 28 17 
75 49 24 
169 130 87 
84 50 16 
168 125 80 
41 20 46 
105 69 164 
101 68 164 
25 16 39 
22 20 28 
254 254 254 
247 247 247 
254 254 254 
252 253 253 
121 152 209 
184 219 226 
102 142 140 
31 36 38 
127 178 170 
34 56 55 
20 34 31 
20 33 31 
149 206 196 
110 162 157 
146 198 209 
56 87 86 
254 254 254 
13 16 17 
254 254 254 
253 253 253 
140 111 88 
179 124 62 
50 30 16 
30 33 27 
141 201 187 
127 194 179 
66 112 104 
126 187 174 
21 27 30 
137 143 162 
202 210 238 
189 193 230 
154 157 193 
202 210 238 
22 25 36 
17 19 30 
26 27 41 
21 20 28 
23 21 24 
198 174 157 
216 196 176 
218 211 204 
50 39 32 
13 14 24 
72 72 156 
71 65 158 
71 64 160 
69 65 158 
72 66 155 
18 18 42 
19 17 37 
26 27 29 
21 21 24 
253 253 253 
255 255 255 
255 255 255 
254 254 254 
47 47 47 
255 255 255 
255 255 255 
255 255 255 
253 253 253 
251 251 251 
61 58 59 
253 253 253 
255 255 255 
255 255 255 
253 253 253 
30 24 23 
50 30 14 
47 26 14 
124 110 84 
162 125 85 
67 55 31 
108 100 70 
181 212 216 
102 72 149 
101 64 165 
31 17 57 
25 11 45 
17 10 30 
254 254 254 
253 253 253 
255 255 255 
251 252 253 
120 141 204 
20 29 43 
179 216 218 
36 58 74 
184 226 228 
132 188 181 
124 189 182 
73 107 104 
24 34 32 
124 180 167 
122 168 201 
21 38 43 
253 254 254 
8 9 9 
254 254 254 
250 250 250 
53 30 16 
183 134 81 
173 122 66 
188 138 83 
179 135 84 
63 55 34 
174 155 131 
179 207 223 
20 21 32 
198 207 231 
160 168 203 
178 179 223 
197 203 237 
15 17 28 
91 95 114 
181 188 215 
195 200 226 
169 155 139 
231 214 191 
148 125 111 
48 34 23 
155 139 121 
19 16 16 
16 18 23 
14 14 33 
14 12 37 
12 13 41 
18 17 54 
16 16 41 
17 15 38 
18 16 38 
19 18 31 
17 17 33 
254 254 254 
255 255 255 
255 255 255 
254 254 254 
254 254 254 
255 255 255 
255 255 255 
254 254 254 
57 56 56 
254 254 254 
253 253 253 
253 253 253 
255 255 255 
255 255 255 
254 254 254 
53 35 23 
147 117 82 
82 59 29 
33 39 28 
135 195 181 
150 204 192 
29 50 42 
122 180 172 
33 20 55 
38 16 67 
60 37 98 
22 10 34 
13 11 26 
254 254 254 
247 247 247 
255 255 255 
254 254 254 
127 157 216 
143 166 238 
90 115 185 
195 225 232 
200 232 238 
184 212 215 
182 226 228 
17 27 30 
159 202 197 
151 211 200 
91 139 134 
12 28 39 
252 253 254 
254 254 254 
255 255 255 
252 252 252 
49 30 17 
167 126 84 
198 158 111 
101 63 19 
180 129 72 
39 24 12 
227 215 198 
139 137 135 
176 196 221 
48 52 70 
199 205 238 
87 90 123 
192 194 233 
203 211 239 
191 200 226 
138 141 156 
179 161 137 
122 104 85 
48 32 22 
213 200 195 
26 18 16 
30 26 27 
21 24 29 
16 17 23 
70 59 141 
71 65 159 
65 63 157 
70 65 159 
72 65 158 
67 62 153 
73 65 154 
76 67 150 
75 68 154 
254 254 254 
255 255 255 
255 255 255 
255 255 255 
255 255 255 
255 255 255 
255 255 255 
255 255 255 
252 252 252 
255 255 255 
253 253 253 
255 255 255 
255 255 255 
255 255 255 
254 254 254 
65 53 29 
170 132 88 
144 212 202 
144 214 204 
106 182 170 
140 221 210 
86 129 120 
152 213 206 
103 67 159 
32 14 60 
98 61 160 
22 9 36 
19 12 32 
254 254 254 
251 251 251 
255 255 255 
254 254 254 
96 128 205 
54 74 120 
134 161 235 
98 129 197 
185 217 226 
36 57 62 
17 32 33 
109 148 144 
107 156 148 
23 40 37 
23 41 45 
151 203 199 
28 29 32 
252 252 252 
253 254 254 
249 250 250 
252 252 252 
181 127 69 
50 33 20 
158 118 71 
187 137 83 
178 127 67 
43 33 24 
45 36 31 
161 114 83 
165 183 213 
160 175 210 
184 192 226 
174 183 222 
152 160 189 
27 27 35 
232 220 199 
234 217 193 
192 172 147 
199 178 154 
28 22 21 
94 85 83 
21 16 18 
16 13 14 
18 16 24 
69 62 148 
65 62 160 
70 66 164 
69 65 164 
70 66 160 
70 65 159 
76 67 160 
72 65 151 
70 65 151 
254 254 254 
255 255 255 
255 255 255 
255 255 255 
255 255 255 
255 255 255 
255 255 255 
255 255 255 
229 229 229 
254 254 254 
255 255 255 
255 255 255 
255 255 255 
255 255 255 
253 254 253 
177 139 92 
148 224 212 
111 188 176 
144 219 207 
42 65 60 
141 207 196 
25 42 39 
137 202 194 
99 63 158 
98 60 160 
50 26 89 
24 11 35 
18 14 28 
254 254 254 
252 252 252 
255 255 255 
254 254 254 
144 172 233 
90 118 191 
131 163 236 
22 34 39 
97 121 123 
194 225 228 
164 213 210 
22 39 37 
161 213 207 
16 33 31 
146 203 191 
126 186 177 
253 253 253 
254 254 254 
253 254 254 
254 254 254 
254 254 255 
251 252 251 
55 33 18 
187 134 74 
94 56 19 
182 127 64 
37 21 12 
210 194 172 
31 19 13 
70 46 38 
159 104 69 
29 28 36 
149 160 170 
131 146 131 
174 182 161 
185 178 155 
186 169 145 
234 216 191 
219 214 213 
123 110 103 
40 29 25 
83 66 55 
33 22 15 
35 25 22 
18 16 26 
69 63 158 
70 67 165 
71 65 165 
71 64 160 
74 68 161 
72 65 157 
79 68 157 
64 54 131 
254 254 254 
255 255 255 
255 255 255 
255 255 255 
255 255 255 
255 255 255 
255 255 255 
255 255 255 
252 251 251 
255 255 255 
254 254 254 
255 255 255 
255 255 255 
255 255 255 
254 254 254 
173 135 87 
126 194 183 
139 217 205 
119 191 178 
148 214 201 
106 175 164 
23 40 37 
142 203 195 
109 77 154 
100 60 165 
56 28 93 
25 12 39 
25 17 41 
254 254 254 
254 254 254 
255 255 255 
254 254 254 
141 181 239 
87 126 202 
77 110 179 
142 178 231 
189 227 233 
173 215 216 
18 40 49 
117 160 155 
187 227 230 
120 175 168 
79 119 111 
109 170 207 
254 254 254 
10 11 20 
254 254 254 
255 255 255 
255 255 255 
255 255 254 
253 253 253 
183 130 70 
87 49 17 
184 137 85 
154 108 72 
35 22 17 
33 21 14 
151 110 84 
62 36 22 
38 33 26 
157 108 70 
193 211 196 
185 218 214 
180 225 225 
223 223 217 
226 225 223 
78 72 64 
201 179 152 
173 150 122 
224 198 168 
162 137 111 
35 22 13 
33 24 17 
21 18 23 
70 63 154 
73 69 164 
71 66 161 
70 64 160 
73 66 161 
70 62 153 
73 67 155 
254 254 254 
255 255 255 
255 255 255 
255 255 255 
255 255 255 
255 255 255 
255 255 255 
254 254 254 
16 15 16 
252 252 252 
254 254 254 
251 251 251 
252 252 252 
252 252 251 
56 55 33 
139 205 194 
168 228 216 
136 208 195 
147 219 204 
121 187 174 
150 220 209 
21 32 28 
21 30 28 
24 29 32 
31 15 52 
99 58 165 
41 16 79 
32 31 32 
254 254 254 
254 254 254 
255 255 255 
254 254 254 
27 42 54 
96 131 204 
100 137 207 
127 185 226 
187 226 235 
182 220 227 
184 223 225 
24 42 47 
22 39 43 
21 34 35 
138 201 235 
135 196 234 
253 254 254 
249 249 250 
255 255 255 
255 255 255 
255 255 255 
255 255 255 
254 254 254 
176 124 63 
179 127 70 
84 47 17 
61 36 21 
43 25 17 
184 167 145 
35 26 22 
253 253 253 
244 244 248 
253 254 254 
253 254 254 
166 117 77 
31 36 31 
176 229 236 
212 230 234 
227 229 226 
229 226 217 
229 203 171 
169 142 109 
89 68 45 
194 169 140 
40 28 21 
23 19 29 
82 79 154 
68 61 155 
70 67 162 
70 66 161 
69 62 156 
75 67 156 
66 58 140 
254 254 254 
255 255 255 
255 255 255 
255 255 255 
255 255 255 
255 255 255 
255 255 255 
254 254 254 
12 11 12 
253 253 253 
254 254 254 
40 38 40 
28 24 26 
43 31 26 
185 144 96 
141 217 205 
104 168 157 
30 58 52 
38 64 56 
154 209 196 
150 212 198 
136 193 183 
73 102 96 
30 37 33 
37 17 57 
109 82 150 
97 64 150 
25 14 35 
254 254 254 
254 254 254 
255 255 255 
254 254 254 
28 42 45 
78 114 187 
137 170 242 
121 179 230 
91 152 194 
94 157 194 
132 199 236 
126 194 229 
104 157 188 
139 200 233 
88 150 191 
116 169 211 
252 252 254 
245 245 245 
255 255 255 
255 255 255 
255 255 255 
255 255 255 
254 254 254 
160 113 73 
165 112 67 
173 145 119 
226 208 186 
138 97 70 
32 21 15 
218 203 182 
254 254 254 
255 255 255 
255 255 255 
253 253 253 
168 121 87 
161 110 73 
41 33 25 
174 224 231 
199 220 223 
180 158 130 
228 203 171 
229 202 167 
162 135 103 
57 39 26 
34 23 15 
41 31 31 
27 24 40 
72 69 156 
67 64 154 
64 57 145 
67 61 147 
67 60 138 
65 58 127 
254 254 254 
255 255 255 
255 255 255 
255 255 255 
255 255 255 
255 255 255 
255 255 255 
255 255 255 
253 253 253 
254 254 254 
252 252 252 
34 28 27 
57 31 16 
151 108 67 
93 67 34 
135 206 194 
24 33 31 
22 30 29 
129 194 181 
117 172 158 
118 183 169 
32 51 46 
25 35 33 
93 52 17 
104 61 27 
100 60 164 
88 53 144 
28 14 43 
58 58 58 
254 254 254 
255 255 255 
254 254 254 
14 26 26 
128 170 230 
137 193 238 
121 188 231 
88 160 204 
136 200 237 
131 198 240 
86 158 199 
123 195 235 
109 177 220 
141 200 240 
12 13 34 
253 253 254 
9 7 12 
253 253 253 
255 255 255 
255 255 255 
255 255 255 
253 253 253 
51 29 12 
157 106 65 
139 100 72 
200 180 158 
49 32 26 
157 137 121 
253 251 248 
255 255 255 
255 255 255 
255 255 255 
254 254 254 
67 35 16 
155 105 68 
94 122 126 
180 225 229 
198 221 221 
25 33 33 
51 33 20 
220 192 158 
227 199 166 
158 131 102 
38 29 22 
32 23 22 
188 163 181 
135 209 216 
133 215 218 
136 216 220 
125 222 229 
128 222 229 
131 223 225 
252 253 254 
254 254 254 
255 255 255 
255 255 255 
255 255 255 
255 255 255 
255 255 255 
254 254 254 
252 252 252 
253 253 253 
41 33 33 
51 30 18 
94 58 28 
107 63 20 
182 134 83 
41 32 22 
30 38 36 
26 32 32 
134 184 174 
167 220 208 
33 69 61 
25 34 31 
137 195 186 
163 116 69 
181 132 83 
195 183 200 
99 60 161 
33 16 48 
254 254 254 
254 254 254 
255 255 255 
254 254 254 
84 126 189 
139 182 236 
98 156 202 
86 149 194 
131 195 239 
127 196 238 
95 161 204 
95 167 204 
121 194 233 
119 184 224 
116 183 223 
112 166 212 
253 253 254 
251 251 251 
255 255 255 
255 255 255 
255 255 255 
254 254 254 
148 101 61 
184 148 110 
64 39 23 
77 42 20 
44 26 17 
208 189 169 
215 197 176 
254 254 254 
254 254 254 
255 255 255 
255 255 255 
252 253 253 
166 113 73 
86 111 114 
174 225 229 
175 219 222 
18 30 32 
200 182 158 
140 117 92 
159 131 98 
53 34 18 
41 30 20 
27 20 23 
186 159 191 
124 97 128 
132 216 224 
64 113 118 
124 214 218 
122 220 225 
126 225 230 
27 28 29 
132 220 223 
254 254 254 
255 255 255 
255 255 255 
255 255 255 
255 255 255 
255 255 255 
254 254 254 
42 37 40 
29 24 26 
128 124 125 
61 36 18 
170 129 91 
173 124 72 
47 29 19 
24 28 26 
140 184 175 
26 35 33 
153 196 185 
157 209 202 
138 198 184 
29 36 32 
44 47 38 
159 119 80 
59 32 14 
135 93 55 
96 57 150 
33 24 40 
254 254 254 
254 254 254 
255 255 255 
254 254 254 
140 176 233 
90 128 191 
139 199 238 
94 154 196 
137 198 239 
110 178 221 
32 39 52 
138 200 232 
130 200 235 
96 164 198 
141 206 239 
132 182 225 
253 254 254 
9 11 24 
252 252 253 
252 252 253 
251 251 252 
253 253 253 
197 189 172 
52 32 18 
153 138 118 
39 25 17 
174 153 130 
233 214 191 
167 128 88 
253 253 253 
254 255 255 
255 255 255 
255 255 255 
254 254 254 
163 110 68 
171 222 226 
19 27 26 
180 223 226 
226 227 221 
158 134 105 
215 183 149 
149 120 90 
196 168 138 
224 219 210 
101 97 100 
223 220 226 
28 27 32 
137 112 146 
137 219 226 
10 30 43 
128 218 228 
126 225 229 
130 224 227 
247 249 249 
254 254 254 
255 255 255 
255 255 255 
255 255 255 
255 255 255 
255 255 255 
254 254 254 
252 252 252 
253 253 253 
254 254 254 
252 252 252 
161 124 87 
88 51 18 
44 34 27 
72 84 82 
172 206 201 
30 45 40 
21 49 40 
92 138 130 
138 187 177 
33 42 30 
173 128 78 
72 41 16 
46 27 14 
65 37 18 
179 135 111 
95 56 149 
254 254 254 
254 254 254 
255 255 255 
253 254 254 
26 39 48 
84 124 186 
114 171 210 
120 181 221 
119 174 216 
96 153 191 
120 183 220 
216 237 246 
132 187 220 
123 190 225 
111 174 213 
88 141 186 
250 250 251 
146 164 210 
77 102 168 
116 141 211 
32 46 84 
116 142 209 
25 30 50 
25 29 45 
222 208 188 
81 103 156 
210 199 185 
52 35 26 
56 35 19 
62 42 25 
253 253 253 
253 253 253 
254 254 254 
254 254 254 
57 40 25 
174 226 232 
27 36 41 
101 128 130 
46 31 19 
221 194 160 
162 132 100 
49 31 19 
44 28 18 
115 111 108 
216 216 216 
28 28 29 
116 115 118 
217 215 228 
224 227 233 
90 94 99 
128 137 139 
225 227 228 
25 27 27 
245 246 244 
254 254 254 
255 255 255 
255 255 255 
255 255 255 
255 255 255 
255 255 255 
255 255 254 
253 253 253 
255 255 255 
255 255 255 
254 254 253 
170 120 64 
183 134 78 
55 43 35 
27 32 31 
117 149 145 
170 210 203 
157 206 197 
130 186 178 
38 65 56 
145 198 185 
107 67 31 
49 33 22 
41 26 16 
90 58 33 
166 133 132 
55 31 32 
254 254 254 
254 254 254 
255 255 255 
254 254 254 
113 146 202 
133 185 229 
145 201 234 
138 195 233 
147 205 238 
136 194 230 
130 183 216 
244 249 252 
131 186 214 
141 203 234 
134 197 233 
127 174 222 
246 247 249 
114 140 201 
16 21 45 
65 83 146 
76 103 181 
19 23 50 
104 133 200 
20 25 46 
17 25 57 
132 159 219 
42 32 41 
158 122 87 
214 197 179 
181 132 86 
147 96 61 
38 23 18 
160 110 72 
249 249 248 
168 109 66 
173 220 223 
28 38 42 
22 29 32 
220 223 218 
190 162 137 
232 204 170 
47 29 18 
26 21 22 
217 216 211 
229 227 227 
30 29 32 
218 219 224 
221 222 228 
214 215 217 
221 225 228 
19 24 30 
29 30 31 
229 228 224 
236 236 235 
253 253 253 
255 255 255 
255 255 255 
255 255 255 
255 255 255 
255 255 255 
254 254 254 
7 6 7 
254 254 254 
255 255 255 
254 254 254 
66 40 17 
197 148 94 
42 41 33 
171 202 195 
31 44 35 
22 43 41 
92 125 118 
143 199 186 
141 194 181 
37 34 20 
158 116 78 
51 38 32 
26 23 28 
42 27 20 
56 30 12 
133 101 73 
254 254 254 
104 104 105 
254 254 254 
112 124 133 
22 25 31 
141 197 233 
136 199 234 
97 157 197 
94 151 187 
140 189 219 
27 36 45 
253 254 254 
251 253 253 
147 204 231 
101 160 191 
125 173 221 
202 202 212 
13 15 24 
21 23 48 
15 21 52 
117 140 215 
121 155 228 
22 27 52 
24 29 57 
133 164 226 
76 104 164 
132 160 231 
92 117 190 
173 128 84 
56 41 27 
219 214 216 
86 72 66 
49 31 18 
173 131 96 
166 110 69 
180 228 229 
170 208 210 
23 32 36 
36 30 26 
106 85 66 
51 34 23 
41 31 28 
67 63 65 
153 151 150 
20 18 18 
63 60 62 
81 79 83 
24 22 26 
22 22 25 
226 228 230 
23 21 23 
221 219 220 
30 28 28 
150 151 152 
254 254 254 
255 255 255 
255 255 255 
255 255 255 
255 255 255 
255 255 255 
255 255 255 
252 252 252 
255 255 255 
255 255 255 
254 254 254 
199 157 116 
153 111 72 
177 128 74 
121 79 35 
173 129 76 
112 152 144 
158 207 196 
15 38 31 
54 49 31 
165 123 82 
83 52 24 
26 23 24 
27 24 28 
31 28 30 
54 45 39 
22 22 24 
254 254 254 
252 252 252 
255 255 255 
253 253 253 
252 252 253 
63 69 77 
127 186 221 
131 190 227 
133 193 229 
36 43 53 
251 252 253 
254 255 254 
254 254 254 
24 41 53 
123 182 215 
105 155 193 
250 251 253 
20 24 46 
112 132 196 
60 80 141 
97 127 196 
89 122 202 
83 118 187 
125 161 232 
115 151 219 
48 44 49 
230 231 231 
191 174 156 
222 217 215 
230 216 198 
182 161 137 
188 171 154 
231 220 203 
231 225 215 
45 37 32 
225 222 219 
177 220 225 
95 112 116 
22 27 29 
42 30 22 
41 31 26 
22 20 23 
30 26 28 
222 222 222 
111 109 110 
35 35 35 
25 23 26 
24 22 26 
40 38 43 
21 20 24 
73 72 75 
87 84 85 
222 221 222 
140 138 137 
244 243 242 
254 254 254 
255 255 255 
255 255 255 
255 255 255 
255 255 255 
255 255 255 
254 254 254 
255 255 255 
255 255 255 
255 255 255 
254 254 254 
71 46 23 
136 96 56 
189 142 93 
172 127 70 
163 205 196 
29 57 49 
37 35 26 
167 120 68 
253 253 252 
253 253 253 
248 248 248 
89 88 89 
250 250 250 
251 251 251 
25 24 27 
254 254 254 
254 254 254 
255 255 255 
255 255 255 
253 253 253 
21 26 32 
22 31 40 
125 186 221 
120 184 215 
248 250 251 
254 254 254 
255 255 255 
255 255 255 
251 253 254 
34 51 64 
119 169 210 
250 250 252 
19 22 37 
251 251 253 
251 252 254 
254 254 254 
139 185 228 
138 217 228 
78 112 177 
228 224 222 
151 140 127 
231 215 195 
118 103 90 
41 33 30 
41 30 23 
47 32 20 
159 124 87 
176 157 130 
233 212 182 
81 65 49 
233 223 211 
24 25 30 
34 41 45 
20 22 25 
37 36 39 
26 25 29 
93 91 93 
223 222 221 
27 25 29 
222 226 225 
220 220 221 
222 222 226 
62 60 65 
25 24 28 
79 78 82 
31 29 33 
19 20 24 
228 229 229 
249 249 248 
254 254 254 
255 255 255 
255 255 255 
255 255 255 
255 255 255 
255 255 255 
254 254 254 
104 104 104 
254 254 254 
255 255 255 
255 255 255 
253 253 253 
102 98 99 
53 33 18 
169 129 92 
86 62 26 
153 210 199 
122 173 163 
26 43 40 
208 205 192 
254 254 254 
255 255 254 
255 255 255 
254 254 254 
254 254 254 
253 253 253 
118 118 118 
254 254 254 
254 254 254 
255 255 255 
255 255 255 
253 253 253 
18 20 25 
69 70 74 
31 39 47 
133 188 219 
34 43 56 
252 253 254 
255 255 255 
255 255 255 
253 254 254 
129 193 226 
131 184 236 
252 253 253 
253 253 253 
255 255 254 
255 255 255 
253 254 254 
26 45 60 
134 212 217 
134 221 229 
201 224 230 
185 170 155 
178 160 139 
41 30 21 
51 38 34 
50 37 29 
43 30 21 
205 185 157 
237 219 190 
47 35 25 
173 152 126 
195 178 156 
233 223 209 
21 22 25 
31 29 33 
121 120 123 
229 228 230 
229 229 231 
33 32 34 
28 27 31 
23 22 25 
231 231 231 
234 232 238 
137 135 140 
230 229 234 
27 27 33 
166 193 218 
61 60 63 
32 30 30 
227 225 222 
254 254 254 
255 255 255 
255 255 255 
255 255 255 
255 255 255 
255 255 255 
254 254 254 
34 34 35 
254 254 254 
255 255 255 
255 255 255 
254 254 254 
32 27 31 
60 39 25 
96 56 22 
167 115 60 
139 202 192 
161 213 203 
64 43 26 
253 252 252 
254 255 255 
255 255 255 
255 255 255 
254 254 254 
254 254 254 
254 254 254 
32 31 34 
254 254 254 
254 254 254 
255 255 255 
255 255 255 
254 254 254 
35 34 38 
22 21 24 
73 72 79 
25 27 33 
241 246 248 
254 254 254 
255 255 255 
255 255 255 
251 253 254 
136 199 230 
87 140 190 
254 254 254 
24 27 40 
254 254 254 
255 255 255 
255 255 255 
253 254 254 
30 46 50 
22 40 53 
187 232 236 
233 224 212 
223 205 183 
156 138 118 
37 26 20 
40 28 20 
71 59 51 
145 128 107 
229 211 185 
150 130 108 
56 39 24 
139 122 103 
52 37 25 
233 228 222 
233 232 234 
200 179 157 
40 39 43 
30 29 32 
118 117 119 
128 125 128 
72 71 74 
227 228 229 
230 229 234 
234 234 240 
38 46 48 
89 98 105 
134 157 185 
25 25 31 
28 24 25 
253 252 252 
254 254 254 
255 255 255 
255 255 255 
255 255 255 
255 255 255 
255 255 255 
255 255 255 
254 254 254 
255 255 255 
255 255 255 
254 254 254 
173 171 170 
45 32 26 
99 61 28 
168 117 62 
182 127 67 
161 221 207 
37 51 41 
163 109 61 
252 253 253 
255 255 255 
255 255 255 
255 255 255 
255 255 255 
255 255 255 
252 252 252 
25 24 27 
254 254 254 
253 253 253 
255 255 255 
255 255 255 
254 254 254 
91 88 92 
35 33 37 
27 22 27 
33 30 34 
52 50 56 
254 254 254 
255 255 255 
254 254 254 
26 43 53 
125 188 216 
96 161 203 
253 254 254 
34 38 44 
254 254 254 
255 255 255 
255 255 255 
253 254 254 
128 216 223 
26 41 47 
188 233 236 
204 228 228 
185 168 148 
41 28 19 
74 63 55 
37 26 19 
43 29 22 
226 212 187 
186 170 142 
232 213 189 
184 164 138 
234 218 195 
179 160 135 
239 228 214 
41 30 22 
129 109 92 
234 228 222 
233 231 228 
227 224 220 
234 231 231 
39 38 41 
126 125 124 
233 233 234 
178 221 222 
182 217 217 
22 28 34 
188 211 236 
25 28 38 
94 90 92 
253 253 253 
254 254 254 
255 255 255 
255 255 255 
255 255 255 
255 255 255 
255 255 255 
254 254 254 
38 37 38 
254 254 254 
255 255 255 
254 254 254 
120 114 113 
155 114 75 
171 121 70 
116 165 154 
35 57 44 
120 177 162 
113 169 158 
72 39 14 
253 253 253 
255 255 255 
255 255 255 
255 255 255 
255 255 255 
255 255 255 
254 254 254 
131 131 131 
254 254 254 
254 254 254 
255 255 255 
255 255 255 
253 253 253 
27 22 26 
45 39 44 
33 27 32 
28 24 29 
247 247 248 
254 254 254 
255 255 255 
253 254 254 
140 204 233 
133 201 234 
138 201 240 
254 254 254 
15 12 17 
255 254 255 
255 255 255 
255 255 255 
253 253 253 
128 198 208 
122 216 223 
179 227 232 
182 223 225 
231 221 207 
103 89 76 
38 27 20 
54 42 36 
167 133 97 
225 208 185 
237 223 196 
229 210 183 
240 223 197 
195 176 151 
120 101 80 
46 34 26 
56 40 31 
53 36 25 
229 201 190 
224 200 174 
217 184 169 
144 112 100 
197 165 151 
234 232 231 
233 229 229 
177 225 224 
22 29 35 
178 201 238 
133 157 188 
26 28 37 
26 24 26 
249 249 249 
79 78 83 
255 255 255 
255 255 255 
255 255 255 
255 255 255 
255 255 255 
255 255 255 
254 253 254 
255 255 255 
255 255 255 
254 254 254 
51 30 19 
99 60 25 
172 116 64 
46 59 37 
166 213 201 
37 49 35 
94 142 126 
162 110 58 
253 253 252 
255 255 255 
255 255 255 
255 255 255 
254 254 254 
255 255 255 
254 254 254 
25 25 26 
254 254 254 
253 253 253 
253 253 253 
253 253 253 
253 253 253 
77 74 78 
31 26 30 
32 26 31 
83 77 82 
31 30 34 
249 249 250 
253 253 253 
250 253 253 
124 156 176 
101 169 204 
125 192 227 
249 251 253 
254 254 254 
255 255 255 
255 255 255 
255 255 255 
248 249 250 
25 36 41 
129 220 226 
174 224 231 
170 221 227 
172 225 228 
178 160 142 
230 213 192 
108 94 82 
41 29 23 
158 141 120 
179 162 135 
232 218 193 
186 168 145 
232 216 192 
238 225 207 
119 108 97 
171 139 133 
119 91 82 
174 150 126 
230 209 185 
145 112 98 
58 37 24 
136 104 94 
157 130 124 
36 28 26 
169 222 222 
80 110 114 
119 142 184 
159 182 212 
27 43 69 
24 27 32 
246 246 245 
254 254 254 
255 255 255 
255 255 255 
255 255 255 
255 255 255 
255 255 255 
254 254 254 
51 51 52 
254 254 254 
255 255 255 
254 254 254 
40 26 23 
87 49 19 
157 108 60 
47 42 22 
142 114 76 
162 108 57 
165 212 198 
170 112 56 
99 59 25 
254 254 254 
255 255 255 
255 255 255 
250 250 250 
254 254 254 
254 254 254 
24 24 26 
254 254 254 
32 32 34 
75 73 77 
28 25 29 
79 75 77 
26 24 28 
31 29 33 
30 25 29 
71 66 70 
27 23 27 
48 42 47 
32 29 33 
38 44 54 
127 187 225 
144 207 241 
125 190 223 
252 253 254 
126 124 125 
255 255 255 
255 255 255 
254 254 254 
27 56 65 
127 213 221 
139 214 228 
88 122 184 
11 36 53 
72 105 158 
174 224 226 
231 227 211 
182 167 148 
203 187 165 
134 125 113 
226 210 187 
139 135 132 
218 217 215 
237 233 227 
237 222 198 
225 202 179 
170 149 122 
53 31 22 
174 153 129 
187 152 145 
170 137 128 
67 45 35 
60 35 28 
41 31 29 
226 221 218 
167 222 223 
168 219 226 
23 47 60 
134 168 205 
171 203 234 
107 135 166 
254 253 253 
254 254 254 
255 255 255 
255 255 255 
255 255 255 
255 255 255 
255 255 255 
255 255 255 
254 254 254 
255 255 255 
255 255 255 
252 252 252 
54 46 46 
39 32 31 
89 50 17 
148 107 69 
71 40 19 
86 47 17 
145 101 64 
64 43 18 
43 33 31 
253 253 253 
254 254 254 
253 253 253 
76 74 74 
253 253 253 
253 253 253 
58 56 61 
254 254 254 
37 32 35 
28 24 28 
91 85 89 
84 78 82 
30 25 29 
28 22 26 
78 72 75 
30 24 28 
83 77 82 
27 21 26 
93 87 92 
37 33 38 
33 34 41 
135 198 230 
99 156 187 
251 252 254 
253 253 253 
253 254 254 
255 255 255 
253 254 254 
130 159 225 
141 222 231 
98 136 202 
26 33 77 
128 157 232 
23 25 43 
52 62 61 
166 203 205 
234 235 230 
235 230 221 
48 36 27 
210 195 181 
164 107 69 
154 98 60 
198 223 221 
184 169 151 
99 99 88 
226 208 185 
233 213 190 
45 36 27 
138 129 113 
235 227 214 
221 196 187 
122 121 122 
37 36 38 
26 28 32 
162 223 224 
162 229 233 
170 224 235 
147 190 222 
28 39 54 
31 30 37 
102 103 108 
254 254 254 
255 255 255 
255 255 255 
255 255 255 
255 255 255 
255 255 255 
254 254 254 
53 49 53 
252 252 252 
252 252 252 
51 48 52 
43 39 43 
110 105 107 
82 76 78 
34 28 28 
36 31 34 
51 41 39 
62 40 27 
47 31 22 
52 47 50 
34 29 33 
81 76 80 
32 27 30 
46 41 43 
252 252 252 
36 32 36 
31 28 32 
254 254 254 
55 52 56 
34 29 31 
35 30 33 
32 27 32 
77 71 75 
34 30 33 
48 43 45 
37 32 36 
29 23 28 
48 43 48 
37 32 37 
100 98 103 
42 37 40 
36 39 45 
140 201 232 
252 253 254 
111 139 208 
23 31 52 
253 254 254 
23 38 53 
81 112 177 
101 135 209 
27 31 58 
117 136 212 
78 103 181 
172 113 60 
69 36 19 
173 114 65 
54 29 18 
155 100 66 
70 38 18 
163 104 64 
137 80 45 
52 32 21 
34 32 27 
163 226 231 
169 224 227 
161 220 224 
29 43 43 
63 90 92 
153 230 236 
229 236 236 
226 228 228 
36 35 38 
211 211 212 
39 38 41 
25 28 32 
42 51 54 
169 232 234 
174 221 236 
137 168 197 
217 226 235 
248 248 248 
25 24 25 
254 254 254 
255 255 255 
255 255 255 
255 255 255 
255 255 255 
255 255 255 
254 254 254 
254 254 254 
254 254 254 
254 254 254 
254 254 254 
254 254 254 
254 254 254 
254 254 254 
254 254 254 
253 253 253 
254 254 254 
254 254 254 
254 254 254 
254 254 254 
254 254 254 
254 254 254 
254 254 254 
254 254 254 
254 254 254 
254 254 254 
254 254 254 
254 254 254 
254 254 254 
254 254 254 
254 254 254 
254 254 254 
254 254 254 
254 254 254 
254 254 254 
254 254 254 
254 254 254 
254 254 254 
254 254 254 
254 254 254 
254 254 254 
254 254 254 
252 254 254 
253 254 254 
254 254 254 
253 254 254 
254 254 254 
253 253 254 
254 254 254 
254 254 254 
254 254 254 
253 253 254 
254 254 253 
254 254 254 
254 254 254 
254 254 254 
254 254 254 
254 254 253 
254 254 254 
254 254 254 
254 254 254 
254 254 254 
254 254 254 
254 254 254 
254 254 254 
254 254 254 
254 254 254 
254 254 254 
254 254 254 
254 254 254 
251 250 251 
254 254 254 
254 254 254 
254 254 254 
254 254 254 
254 254 254 
254 254 254 
250 252 254 
254 254 254 
248 248 248 
254 254 254 
254 254 254 
255 255 255 
254 254 254 
254 254 254 
253 254 254 
254 254 254 
254 254 254 
254 254 254 
254 254 254 
254 254 254 
254 254 254 
252 254 254 
252 253 253 
252 254 254 
252 253 253 
254 254 254 
252 253 253 
252 254 254 
253 254 254 
252 254 254 
252 253 253 
252 254 253 
253 254 254 
253 254 254 
252 254 254 
254 254 254 
252 253 253 
254 254 254 
251 254 254 
252 254 253 
253 253 253 
252 254 253 
250 252 252 
249 251 251 
253 254 254 
252 254 254 
252 254 253 
247 249 250 
252 254 253 
251 252 253 
252 254 253 
252 254 253 
254 254 254 
252 254 253 
252 254 254 
254 254 254 
252 254 254 
251 252 252 
252 254 253 
250 251 252 
253 254 254 
253 254 254 
253 254 254 
253 254 254 
249 251 251 
251 252 252 
253 254 254 
253 254 254 
253 254 254 
253 254 254 
253 254 254 
253 254 254 
252 253 253 
250 253 253 
252 254 254 
252 254 254 
252 253 254 
252 253 253 
252 254 254 
253 254 254 
253 254 254 
253 254 254 
252 254 254 
250 251 252 
253 254 254 
253 254 254 
253 254 254 
254 254 254 
253 254 254 
253 253 254 
252 254 254 
252 254 254 
253 254 254 
251 253 253 
244 249 249 
104 134 153 
113 141 162 
115 146 165 
109 140 159 
120 146 164 
117 143 161 
104 136 157 
175 187 193 
110 139 158 
139 161 174 
118 146 164 
132 157 171 
125 151 167 
121 149 165 
148 168 178 
153 170 182 
133 157 172 
174 185 194 
119 144 164 
149 166 179 
168 184 196 
153 172 185 
158 177 189 
170 185 195 
120 143 159 
169 182 190 
138 157 171 
137 155 171 
133 155 170 
109 135 153 
173 183 191 
107 134 152 
164 177 188 
116 140 157 
160 176 186 
109 137 154 
134 154 169 
147 165 179 
136 156 170 
106 135 152 
168 182 191 
106 135 153 
151 169 181 
116 140 158 
124 147 163 
105 132 151 
165 178 187 
108 135 154 
135 156 171 
125 147 162 
128 149 164 
112 139 156 
166 180 190 
106 135 153 
160 175 185 
108 138 154 
137 159 171 
133 156 170 
110 139 154 
163 181 193 
133 159 175 
144 166 180 
140 163 177 
126 150 165 
160 177 189 
126 151 166 
135 157 171 
135 157 172 
131 154 168 
138 158 172 
145 164 177 
113 141 158 
173 185 196 
116 142 158 
168 181 191 
113 140 159 
127 151 167 
166 179 190 
104 134 154 
138 160 175 
116 146 163 
