0 659
1 442
2 442
3 442
4 442
5 442
6 442
7 442
8 442
9 442
10 442
11 442
12 442
13 442
14 442
15 442
16 442
17 442
18 442
19 442
20 442
21 442
22 442
23 442
24 442
25 442
26 442
27 442
28 442
29 442
30 442
31 442
32 442
33 442
34 442
35 442
36 442
37 442
38 442
39 442
40 442
41 442
42 442
43 442
44 442
45 442
46 442
47 442
48 442
49 442
50 442
51 442
52 442
53 442
54 442
55 442
56 442
57 442
58 442
59 442
60 442
61 442
62 442
63 442
64 442
65 442
66 442
67 442
68 442
69 442
70 442
71 442
72 442
73 442
74 442
75 442
76 442
77 442
78 442
79 442
80 442
81 442
82 442
83 442
84 442
85 754
86 442
87 289
88 289
89 289
90 289
91 289
92 289
93 289
94 289
95 289
96 289
97 289
98 289
99 289
100 289
101 289
102 289
103 289
104 289
105 289
106 289
107 289
108 289
109 289
110 289
111 289
112 289
113 289
114 289
115 289
116 289
117 289
118 289
119 289
120 289
121 289
122 289
123 289
124 289
125 289
126 289
127 289
128 289
129 289
130 289
131 289
132 289
133 289
134 289
135 289
136 289
137 289
138 289
139 289
140 289
141 289
142 289
143 289
144 289
145 289
146 289
147 289
148 289
149 289
150 289
151 289
152 289
153 289
154 289
155 289
156 289
157 289
158 289
159 289
160 289
161 289
162 289
163 289
164 289
165 289
166 289
167 289
168 289
169 289
170 289
171 493
172 442
173 289
174 289
175 289
176 289
177 289
178 289
179 347
180 357
181 357
182 357
183 356
184 354
185 357
186 361
187 357
188 357
189 357
190 357
191 357
192 357
193 358
194 347
195 289
196 347
197 359
198 357
199 357
200 357
201 357
202 357
203 357
204 357
205 357
206 360
207 367
208 372
209 369
210 359
211 358
212 289
213 289
214 351
215 357
216 357
217 357
218 357
219 357
220 357
221 357
222 357
223 357
224 357
225 357
226 357
227 357
228 357
229 357
230 357
231 357
232 357
233 364
234 364
235 357
236 357
237 357
238 363
239 358
240 357
241 357
242 357
243 356
244 357
245 358
246 358
247 357
248 365
249 365
250 364
251 352
252 289
253 289
254 289
255 289
256 289
257 493
258 442
259 289
260 325
261 273
262 286
263 292
264 329
265 132
266 267
267 150
268 332
269 62
270 153
271 216
272 136
273 291
274 110
275 228
276 214
277 275
278 218
279 163
280 301
281 352
282 65
283 232
284 196
285 350
286 218
287 263
288 206
289 232
290 196
291 183
292 248
293 215
294 183
295 227
296 217
297 272
298 203
299 221
300 613
301 243
302 374
303 385
304 309
305 217
306 238
307 225
308 139
309 222
310 273
311 237
312 145
313 246
314 235
315 168
316 182
317 218
318 283
319 178
320 222
321 258
322 212
323 317
324 140
325 213
326 222
327 188
328 345
329 117
330 204
331 237
332 228
333 142
334 201
335 186
336 148
337 109
338 322
339 289
340 289
341 289
342 289
343 493
344 442
345 289
346 269
347 289
348 289
349 289
350 289
351 260
352 414
353 175
354 333
355 287
356 380
357 429
358 134
359 364
360 319
361 374
362 229
363 112
364 317
365 219
366 172
367 274
368 266
369 353
370 220
371 278
372 207
373 289
374 211
375 306
376 326
377 347
378 247
379 247
380 273
381 346
382 274
383 290
384 152
385 200
386 139
387 145
388 87
389 137
390 76
391 293
392 302
393 403
394 275
395 350
396 194
397 403
398 239
399 308
400 275
401 339
402 370
403 307
404 197
405 307
406 341
407 162
408 337
409 210
410 246
411 320
412 281
413 266
414 450
415 155
416 278
417 249
418 327
419 342
420 473
421 411
422 329
423 509
424 305
425 289
426 289
427 289
428 289
429 493
430 442
431 289
432 283
433 289
434 289
435 289
436 289
437 238
438 325
439 355
440 311
441 297
442 300
443 284
444 269
445 335
446 280
447 297
448 358
449 319
450 284
451 415
452 418
453 267
454 279
455 364
456 167
457 391
458 289
459 289
460 374
461 266
462 300
463 203
464 384
465 376
466 355
467 109
468 250
469 719
470 169
471 193
472 360
473 460
474 417
475 289
476 160
477 441
478 223
479 246
480 52
481 307
482 238
483 102
484 222
485 250
486 278
487 311
488 278
489 155
490 326
491 340
492 304
493 347
494 179
495 474
496 283
497 227
498 336
499 230
500 416
501 187
502 371
503 320
504 283
505 208
506 211
507 130
508 257
509 103
510 312
511 289
512 289
513 289
514 289
515 493
516 442
517 289
518 290
519 289
520 289
521 289
522 289
523 235
524 448
525 383
526 314
527 292
528 337
529 396
530 84
531 399
532 318
533 292
534 295
535 369
536 126
537 476
538 52
539 257
540 289
541 289
542 324
543 289
544 289
545 289
546 328
547 225
548 374
549 220
550 147
551 343
552 329
553 292
554 416
555 118
556 167
557 187
558 278
559 515
560 277
561 214
562 175
563 430
564 432
565 155
566 191
567 569
568 399
569 381
570 543
571 306
572 235
573 331
574 292
575 406
576 350
577 305
578 182
579 192
580 253
581 338
582 361
583 249
584 359
585 243
586 389
587 129
588 354
589 292
590 247
591 412
592 289
593 391
594 101
595 246
596 314
597 289
598 289
599 289
600 289
601 493
602 442
603 289
604 325
605 289
606 289
607 289
608 289
609 243
610 172
611 235
612 259
613 281
614 203
615 389
616 140
617 367
618 290
619 208
620 334
621 252
622 321
623 364
624 387
625 262
626 288
627 289
628 289
629 289
630 289
631 289
632 336
633 222
634 397
635 241
636 268
637 186
638 337
639 246
640 286
641 543
642 166
643 187
644 204
645 367
646 177
647 500
648 127
649 498
650 351
651 247
652 455
653 170
654 139
655 423
656 218
657 215
658 265
659 361
660 331
661 238
662 287
663 221
664 304
665 305
666 335
667 207
668 244
669 260
670 240
671 204
672 420
673 195
674 410
675 357
676 188
677 289
678 289
679 361
680 158
681 483
682 321
683 289
684 289
685 289
686 289
687 493
688 442
689 376
690 78
691 267
692 255
693 232
694 170
695 374
696 249
697 192
698 251
699 253
700 345
701 400
702 292
703 183
704 303
705 294
706 397
707 161
708 486
709 298
710 121
711 272
712 291
713 289
714 289
715 289
716 289
717 289
718 312
719 324
720 177
721 286
722 450
723 254
724 310
725 318
726 312
727 462
728 159
729 187
730 490
731 153
732 292
733 211
734 131
735 385
736 305
737 331
738 294
739 512
740 291
741 338
742 477
743 243
744 356
745 162
746 395
747 223
748 198
749 427
750 291
751 303
752 334
753 454
754 196
755 303
756 290
757 204
758 449
759 236
760 304
761 432
762 187
763 289
764 289
765 384
766 279
767 270
768 324
769 289
770 289
771 289
772 289
773 493
774 442
775 391
776 271
777 346
778 410
779 298
780 373
781 267
782 308
783 300
784 375
785 372
786 418
787 403
788 361
789 249
790 448
791 181
792 118
793 419
794 146
795 353
796 120
797 272
798 288
799 289
800 313
801 289
802 289
803 289
804 279
805 323
806 311
807 287
808 192
809 260
810 380
811 191
812 127
813 465
814 153
815 187
816 128
817 240
818 169
819 283
820 111
821 502
822 292
823 309
824 172
825 103
826 420
827 175
828 115
829 209
830 192
831 520
832 234
833 234
834 276
835 384
836 259
837 331
838 300
839 117
840 387
841 267
842 289
843 250
844 204
845 177
846 121
847 389
848 187
849 289
850 289
851 390
852 86
853 103
854 316
855 289
856 289
857 289
858 289
859 493
860 442
861 384
862 212
863 316
864 204
865 256
866 302
867 301
868 246
869 198
870 315
871 74
872 145
873 189
874 153
875 205
876 403
877 378
878 405
879 246
880 497
881 219
882 324
883 272
884 287
885 366
886 99
887 298
888 302
889 351
890 219
891 340
892 330
893 345
894 348
895 317
896 269
897 311
898 353
899 444
900 157
901 187
902 305
903 1161
904 162
905 428
906 114
907 475
908 265
909 325
910 268
911 103
912 276
913 239
914 300
915 406
916 367
917 133
918 217
919 204
920 404
921 135
922 233
923 352
924 269
925 172
926 381
927 349
928 147
929 337
930 403
931 423
932 397
933 337
934 267
935 289
936 289
937 393
938 182
939 401
940 319
941 289
942 289
943 289
944 289
945 493
946 442
947 382
948 291
949 251
950 298
951 317
952 132
953 335
954 396
955 280
956 571
957 386
958 514
959 357
960 215
961 101
962 329
963 238
964 465
965 145
966 378
967 535
968 159
969 272
970 285
971 289
972 277
973 427
974 300
975 240
976 268
977 280
978 296
979 172
980 274
981 255
982 359
983 132
984 417
985 359
986 157
987 187
988 164
989 412
990 237
991 298
992 72
993 439
994 167
995 324
996 442
997 203
998 132
999 234
1000 355
1001 127
1002 365
1003 188
1004 338
1005 348
1006 368
1007 115
1008 361
1009 204
1010 342
1011 320
1012 355
1013 280
1014 256
1015 289
1016 289
1017 289
1018 289
1019 357
1020 41
1021 360
1022 289
1023 404
1024 253
1025 263
1026 328
1027 289
1028 289
1029 289
1030 289
1031 493
1032 442
1033 381
1034 127
1035 241
1036 296
1037 247
1038 199
1039 357
1040 254
1041 230
1042 102
1043 211
1044 140
1045 337
1046 155
1047 210
1048 354
1049 203
1050 93
1051 475
1052 429
1053 176
1054 367
1055 274
1056 277
1057 324
1058 177
1059 384
1060 292
1061 268
1062 294
1063 251
1064 318
1065 284
1066 329
1067 296
1068 368
1069 209
1070 213
1071 470
1072 153
1073 187
1074 373
1075 196
1076 237
1077 180
1078 178
1079 511
1080 256
1081 334
1082 213
1083 480
1084 300
1085 445
1086 295
1087 241
1088 390
1089 348
1090 322
1091 324
1092 414
1093 239
1094 286
1095 224
1096 332
1097 331
1098 483
1099 151
1100 280
1101 289
1102 289
1103 289
1104 289
1105 289
1106 369
1107 289
1108 289
1109 408
1110 93
1111 184
1112 347
1113 289
1114 289
1115 289
1116 289
1117 493
1118 442
1119 378
1120 223
1121 303
1122 302
1123 228
1124 413
1125 465
1126 520
1127 95
1128 421
1129 377
1130 254
1131 282
1132 273
1133 670
1134 265
1135 121
1136 509
1137 103
1138 245
1139 306
1140 334
1141 337
1142 335
1143 117
1144 183
1145 207
1146 227
1147 369
1148 213
1149 291
1150 321
1151 199
1152 348
1153 315
1154 194
1155 464
1156 335
1157 462
1158 157
1159 187
1160 375
1161 262
1162 261
1163 247
1164 109
1165 364
1166 313
1167 413
1168 256
1169 465
1170 422
1171 409
1172 455
1173 282
1174 280
1175 290
1176 181
1177 377
1178 44
1179 410
1180 244
1181 422
1182 285
1183 269
1184 335
1185 234
1186 298
1187 289
1188 289
1189 289
1190 289
1191 289
1192 289
1193 289
1194 289
1195 391
1196 153
1197 258
1198 329
1199 289
1200 289
1201 289
1202 289
1203 493
1204 442
1205 374
1206 209
1207 370
1208 302
1209 290
1210 171
1211 110
1212 221
1213 206
1214 320
1215 247
1216 241
1217 345
1218 231
1219 237
1220 327
1221 424
1222 281
1223 322
1224 229
1225 185
1226 331
1227 343
1228 260
1229 301
1230 223
1231 485
1232 240
1233 355
1234 335
1235 304
1236 290
1237 372
1238 272
1239 456
1240 135
1241 521
1242 125
1243 323
1244 188
1245 198
1246 300
1247 247
1248 769
1249 363
1250 120
1251 479
1252 152
1253 115
1254 79
1255 29
1256 57
1257 45
1258 87
1259 404
1260 58
1261 402
1262 241
1263 165
1264 415
1265 359
1266 337
1267 172
1268 210
1269 289
1270 141
1271 198
1272 286
1273 289
1274 289
1275 289
1276 289
1277 289
1278 330
1279 289
1280 289
1281 383
1282 135
1283 360
1284 323
1285 289
1286 289
1287 289
1288 289
1289 493
1290 442
1291 374
1292 221
1293 277
1294 192
1295 304
1296 254
1297 396
1298 292
1299 360
1300 357
1301 360
1302 83
1303 427
1304 218
1305 265
1306 281
1307 251
1308 329
1309 264
1310 332
1311 188
1312 259
1313 346
1314 170
1315 396
1316 340
1317 209
1318 222
1319 322
1320 250
1321 280
1322 323
1323 320
1324 270
1325 252
1326 264
1327 160
1328 396
1329 260
1330 227
1331 213
1332 149
1333 301
1334 180
1335 210
1336 110
1337 492
1338 301
1339 360
1340 554
1341 221
1342 548
1343 460
1344 128
1345 322
1346 398
1347 288
1348 330
1349 381
1350 328
1351 112
1352 309
1353 290
1354 155
1355 407
1356 568
1357 178
1358 343
1359 289
1360 289
1361 289
1362 289
1363 371
1364 30
1365 404
1366 289
1367 343
1368 221
1369 374
1370 321
1371 289
1372 289
1373 289
1374 289
1375 493
1376 442
1377 374
1378 190
1379 430
1380 226
1381 266
1382 368
1383 164
1384 356
1385 159
1386 231
1387 342
1388 253
1389 276
1390 421
1391 137
1392 470
1393 302
1394 333
1395 254
1396 264
1397 178
1398 382
1399 347
1400 207
1401 297
1402 374
1403 122
1404 426
1405 242
1406 229
1407 338
1408 181
1409 210
1410 351
1411 252
1412 293
1413 251
1414 318
1415 449
1416 182
1417 206
1418 444
1419 347
1420 417
1421 385
1422 232
1423 388
1424 432
1425 331
1426 397
1427 300
1428 245
1429 384
1430 441
1431 128
1432 251
1433 243
1434 366
1435 172
1436 308
1437 267
1438 237
1439 379
1440 301
1441 207
1442 316
1443 168
1444 244
1445 390
1446 427
1447 422
1448 401
1449 356
1450 144
1451 327
1452 283
1453 269
1454 275
1455 212
1456 289
1457 289
1458 289
1459 289
1460 289
1461 493
1462 442
1463 373
1464 208
1465 393
1466 97
1467 342
1468 330
1469 412
1470 315
1471 281
1472 382
1473 240
1474 213
1475 330
1476 338
1477 211
1478 27
1479 216
1480 282
1481 302
1482 340
1483 319
1484 313
1485 356
1486 228
1487 284
1488 285
1489 255
1490 375
1491 242
1492 246
1493 268
1494 317
1495 250
1496 302
1497 250
1498 302
1499 308
1500 187
1501 460
1502 184
1503 206
1504 209
1505 326
1506 68
1507 104
1508 95
1509 419
1510 102
1511 255
1512 207
1513 179
1514 308
1515 238
1516 181
1517 200
1518 406
1519 349
1520 205
1521 365
1522 326
1523 285
1524 287
1525 378
1526 332
1527 363
1528 283
1529 390
1530 310
1531 162
1532 216
1533 118
1534 154
1535 428
1536 276
1537 306
1538 372
1539 208
1540 289
1541 276
1542 289
1543 289
1544 289
1545 289
1546 289
1547 493
1548 442
1549 357
1550 241
1551 484
1552 121
1553 399
1554 147
1555 350
1556 212
1557 205
1558 254
1559 375
1560 378
1561 219
1562 323
1563 387
1564 400
1565 385
1566 277
1567 237
1568 265
1569 227
1570 382
1571 361
1572 206
1573 284
1574 265
1575 329
1576 156
1577 446
1578 343
1579 287
1580 199
1581 333
1582 343
1583 292
1584 306
1585 301
1586 279
1587 476
1588 177
1589 199
1590 614
1591 200
1592 417
1593 288
1594 437
1595 238
1596 377
1597 330
1598 287
1599 350
1600 297
1601 342
1602 329
1603 415
1604 180
1605 271
1606 383
1607 256
1608 207
1609 429
1610 294
1611 244
1612 294
1613 273
1614 158
1615 273
1616 396
1617 192
1618 289
1619 242
1620 358
1621 309
1622 226
1623 276
1624 372
1625 237
1626 289
1627 314
1628 289
1629 289
1630 289
1631 289
1632 289
1633 493
1634 442
1635 362
1636 75
1637 304
1638 220
1639 266
1640 411
1641 126
1642 352
1643 301
1644 505
1645 220
1646 185
1647 364
1648 312
1649 254
1650 276
1651 240
1652 433
1653 254
1654 267
1655 418
1656 183
1657 367
1658 225
1659 264
1660 367
1661 231
1662 180
1663 403
1664 402
1665 239
1666 382
1667 182
1668 419
1669 133
1670 342
1671 277
1672 309
1673 300
1674 186
1675 226
1676 438
1677 413
1678 417
1679 141
1680 363
1681 182
1682 267
1683 257
1684 365
1685 196
1686 312
1687 233
1688 201
1689 271
1690 389
1691 259
1692 153
1693 437
1694 416
1695 96
1696 331
1697 391
1698 163
1699 177
1700 443
1701 409
1702 216
1703 404
1704 362
1705 253
1706 252
1707 342
1708 230
1709 233
1710 311
1711 255
1712 289
1713 277
1714 289
1715 289
1716 289
1717 289
1718 289
1719 493
1720 442
1721 374
1722 336
1723 212
1724 286
1725 358
1726 410
1727 339
1728 289
1729 174
1730 113
1731 301
1732 320
1733 202
1734 296
1735 250
1736 257
1737 274
1738 171
1739 361
1740 326
1741 357
1742 311
1743 364
1744 237
1745 330
1746 316
1747 254
1748 439
1749 306
1750 292
1751 283
1752 481
1753 274
1754 275
1755 167
1756 479
1757 207
1758 115
1759 445
1760 172
1761 222
1762 245
1763 239
1764 274
1765 264
1766 382
1767 497
1768 169
1769 335
1770 334
1771 342
1772 280
1773 309
1774 327
1775 415
1776 290
1777 445
1778 218
1779 121
1780 220
1781 534
1782 316
1783 188
1784 429
1785 281
1786 177
1787 228
1788 282
1789 368
1790 240
1791 190
1792 339
1793 286
1794 254
1795 236
1796 321
1797 269
1798 289
1799 280
1800 289
1801 289
1802 289
1803 289
1804 289
1805 493
1806 442
1807 372
1808 266
1809 182
1810 448
1811 51
1812 90
1813 308
1814 293
1815 408
1816 143
1817 405
1818 145
1819 256
1820 209
1821 435
1822 356
1823 378
1824 155
1825 599
1826 131
1827 300
1828 201
1829 358
1830 193
1831 211
1832 275
1833 220
1834 129
1835 337
1836 265
1837 254
1838 42
1839 503
1840 384
1841 123
1842 114
1843 605
1844 152
1845 405
1846 177
1847 211
1848 199
1849 211
1850 373
1851 70
1852 312
1853 156
1854 357
1855 240
1856 334
1857 321
1858 131
1859 239
1860 354
1861 181
1862 323
1863 257
1864 177
1865 238
1866 388
1867 97
1868 417
1869 191
1870 363
1871 341
1872 199
1873 423
1874 233
1875 191
1876 210
1877 263
1878 302
1879 340
1880 244
1881 420
1882 260
1883 272
1884 289
1885 302
1886 289
1887 289
1888 289
1889 289
1890 289
1891 493
1892 442
1893 360
1894 203
1895 364
1896 199
1897 406
1898 415
1899 200
1900 433
1901 285
1902 288
1903 289
1904 391
1905 517
1906 252
1907 287
1908 213
1909 457
1910 164
1911 235
1912 278
1913 264
1914 332
1915 360
1916 283
1917 242
1918 369
1919 296
1920 486
1921 185
1922 255
1923 231
1924 500
1925 208
1926 220
1927 267
1928 335
1929 214
1930 342
1931 416
1932 179
1933 204
1934 267
1935 552
1936 367
1937 375
1938 231
1939 386
1940 279
1941 266
1942 264
1943 308
1944 93
1945 342
1946 413
1947 296
1948 155
1949 213
1950 540
1951 375
1952 86
1953 165
1954 307
1955 311
1956 299
1957 255
1958 276
1959 354
1960 499
1961 223
1962 203
1963 301
1964 296
1965 311
1966 276
1967 197
1968 269
1969 272
1970 289
1971 285
1972 289
1973 289
1974 289
1975 289
1976 289
1977 493
1978 442
1979 357
1980 251
1981 175
1982 277
1983 289
1984 289
1985 261
1986 123
1987 374
1988 181
1989 202
1990 256
1991 326
1992 215
1993 481
1994 142
1995 323
1996 182
1997 289
1998 289
1999 318
2000 131
2001 357
2002 281
2003 286
2004 321
2005 180
2006 410
2007 336
2008 263
2009 273
2010 133
2011 354
2012 246
2013 567
2014 233
2015 380
2016 244
2017 424
2018 174
2019 207
2020 434
2021 301
2022 223
2023 435
2024 169
2025 165
2026 349
2027 302
2028 351
2029 337
2030 508
2031 286
2032 290
2033 434
2034 326
2035 394
2036 239
2037 329
2038 427
2039 211
2040 437
2041 156
2042 326
2043 168
2044 456
2045 239
2046 212
2047 372
2048 144
2049 270
2050 298
2051 353
2052 172
2053 271
2054 418
2055 272
2056 289
2057 289
2058 289
2059 289
2060 289
2061 287
2062 293
2063 493
2064 442
2065 357
2066 245
2067 351
2068 289
2069 289
2070 289
2071 276
2072 122
2073 288
2074 344
2075 301
2076 457
2077 423
2078 159
2079 232
2080 209
2081 182
2082 197
2083 289
2084 289
2085 338
2086 333
2087 357
2088 128
2089 297
2090 256
2091 361
2092 300
2093 100
2094 156
2095 314
2096 328
2097 225
2098 230
2099 223
2100 292
2101 328
2102 320
2103 389
2104 179
2105 196
2106 311
2107 407
2108 126
2109 292
2110 282
2111 244
2112 391
2113 318
2114 189
2115 290
2116 144
2117 338
2118 255
2119 185
2120 279
2121 221
2122 222
2123 153
2124 319
2125 311
2126 233
2127 361
2128 198
2129 382
2130 382
2131 155
2132 442
2133 427
2134 278
2135 301
2136 275
2137 404
2138 352
2139 289
2140 299
2141 267
2142 289
2143 289
2144 289
2145 289
2146 289
2147 289
2148 287
2149 493
2150 442
2151 357
2152 209
2153 306
2154 280
2155 289
2156 289
2157 250
2158 316
2159 449
2160 463
2161 162
2162 107
2163 94
2164 363
2165 259
2166 376
2167 658
2168 187
2169 289
2170 289
2171 337
2172 175
2173 358
2174 217
2175 322
2176 250
2177 308
2178 257
2179 446
2180 311
2181 345
2182 331
2183 254
2184 354
2185 252
2186 278
2187 279
2188 202
2189 267
2190 166
2191 250
2192 426
2193 129
2194 250
2195 273
2196 330
2197 413
2198 220
2199 243
2200 518
2201 189
2202 310
2203 332
2204 221
2205 342
2206 266
2207 267
2208 233
2209 503
2210 327
2211 327
2212 423
2213 212
2214 362
2215 200
2216 322
2217 256
2218 328
2219 306
2220 195
2221 237
2222 385
2223 166
2224 87
2225 389
2226 336
2227 244
2228 289
2229 290
2230 289
2231 289
2232 289
2233 289
2234 283
2235 493
2236 442
2237 356
2238 216
2239 355
2240 237
2241 420
2242 396
2243 182
2244 372
2245 249
2246 368
2247 399
2248 267
2249 437
2250 361
2251 263
2252 364
2253 401
2254 175
2255 289
2256 289
2257 362
2258 246
2259 366
2260 316
2261 170
2262 387
2263 356
2264 173
2265 352
2266 366
2267 133
2268 290
2269 413
2270 317
2271 312
2272 200
2273 564
2274 268
2275 558
2276 170
2277 289
2278 289
2279 400
2280 236
2281 293
2282 325
2283 304
2284 170
2285 230
2286 305
2287 100
2288 345
2289 325
2290 180
2291 274
2292 277
2293 332
2294 219
2295 210
2296 398
2297 217
2298 196
2299 216
2300 363
2301 406
2302 358
2303 203
2304 362
2305 335
2306 168
2307 290
2308 240
2309 219
2310 402
2311 226
2312 347
2313 234
2314 289
2315 288
2316 289
2317 289
2318 289
2319 287
2320 304
2321 493
2322 442
2323 346
2324 337
2325 457
2326 497
2327 35
2328 462
2329 751
2330 226
2331 305
2332 459
2333 566
2334 218
2335 78
2336 703
2337 246
2338 581
2339 381
2340 613
2341 204
2342 275
2343 321
2344 570
2345 345
2346 216
2347 284
2348 264
2349 288
2350 297
2351 314
2352 168
2353 389
2354 305
2355 175
2356 282
2357 302
2358 224
2359 61
2360 328
2361 241
2362 252
2363 289
2364 289
2365 307
2366 251
2367 196
2368 380
2369 260
2370 419
2371 252
2372 348
2373 196
2374 349
2375 326
2376 445
2377 351
2378 338
2379 274
2380 305
2381 306
2382 180
2383 454
2384 276
2385 344
2386 205
2387 201
2388 217
2389 216
2390 244
2391 374
2392 213
2393 442
2394 256
2395 366
2396 261
2397 335
2398 360
2399 205
2400 289
2401 290
2402 289
2403 289
2404 289
2405 288
2406 283
2407 493
2408 442
2409 289
2410 189
2411 153
2412 153
2413 154
2414 153
2415 153
2416 153
2417 153
2418 154
2419 153
2420 153
2421 151
2422 151
2423 152
2424 154
2425 153
2426 153
2427 155
2428 192
2429 167
2430 175
2431 341
2432 194
2433 429
2434 255
2435 333
2436 209
2437 378
2438 278
2439 137
2440 197
2441 336
2442 331
2443 311
2444 285
2445 483
2446 308
2447 440
2448 202
2449 289
2450 289
2451 368
2452 179
2453 143
2454 459
2455 175
2456 131
2457 541
2458 314
2459 349
2460 406
2461 209
2462 138
2463 226
2464 289
2465 326
2466 339
2467 160
2468 280
2469 300
2470 233
2471 179
2472 290
2473 333
2474 222
2475 437
2476 382
2477 460
2478 132
2479 234
2480 328
2481 277
2482 312
2483 359
2484 204
2485 174
2486 289
2487 286
2488 289
2489 289
2490 289
2491 289
2492 289
2493 493
2494 442
2495 289
2496 226
2497 204
2498 204
2499 223
2500 289
2501 288
2502 252
2503 204
2504 204
2505 204
2506 204
2507 204
2508 210
2509 215
2510 219
2511 221
2512 223
2513 221
2514 222
2515 238
2516 243
2517 341
2518 241
2519 257
2520 116
2521 402
2522 191
2523 292
2524 427
2525 419
2526 512
2527 294
2528 169
2529 246
2530 258
2531 438
2532 317
2533 199
2534 189
2535 289
2536 289
2537 316
2538 277
2539 372
2540 225
2541 468
2542 181
2543 89
2544 364
2545 124
2546 362
2547 143
2548 273
2549 250
2550 342
2551 290
2552 270
2553 209
2554 421
2555 358
2556 143
2557 458
2558 302
2559 256
2560 334
2561 159
2562 167
2563 350
2564 203
2565 283
2566 266
2567 313
2568 355
2569 96
2570 456
2571 308
2572 322
2573 252
2574 289
2575 289
2576 289
2577 289
2578 281
2579 493
2580 442
2581 343
2582 274
2583 315
2584 517
2585 229
2586 289
2587 289
2588 350
2589 388
2590 392
2591 382
2592 376
2593 481
2594 141
2595 560
2596 547
2597 174
2598 508
2599 178
2600 236
2601 408
2602 333
2603 306
2604 306
2605 289
2606 413
2607 154
2608 181
2609 390
2610 180
2611 273
2612 250
2613 377
2614 299
2615 209
2616 145
2617 240
2618 418
2619 459
2620 172
2621 285
2622 289
2623 327
2624 144
2625 309
2626 208
2627 501
2628 99
2629 402
2630 236
2631 355
2632 215
2633 382
2634 318
2635 336
2636 232
2637 341
2638 238
2639 507
2640 185
2641 150
2642 401
2643 293
2644 332
2645 331
2646 322
2647 389
2648 71
2649 502
2650 347
2651 252
2652 251
2653 284
2654 183
2655 418
2656 451
2657 433
2658 407
2659 376
2660 337
2661 289
2662 289
2663 286
2664 300
2665 493
2666 442
2667 289
2668 307
2669 388
2670 242
2671 289
2672 289
2673 289
2674 388
2675 45
2676 301
2677 310
2678 324
2679 243
2680 213
2681 173
2682 279
2683 64
2684 242
2685 515
2686 282
2687 330
2688 277
2689 306
2690 289
2691 289
2692 289
2693 351
2694 249
2695 297
2696 412
2697 309
2698 413
2699 178
2700 421
2701 254
2702 212
2703 260
2704 230
2705 297
2706 171
2707 291
2708 289
2709 353
2710 139
2711 451
2712 358
2713 153
2714 540
2715 182
2716 180
2717 216
2718 238
2719 434
2720 270
2721 230
2722 337
2723 307
2724 189
2725 293
2726 203
2727 533
2728 56
2729 379
2730 300
2731 195
2732 148
2733 194
2734 515
2735 168
2736 70
2737 339
2738 230
2739 257
2740 287
2741 202
2742 148
2743 187
2744 176
2745 123
2746 336
2747 289
2748 289
2749 289
2750 289
2751 493
2752 442
2753 289
2754 281
2755 289
2756 289
2757 289
2758 289
2759 289
2760 289
2761 201
2762 455
2763 412
2764 207
2765 167
2766 574
2767 283
2768 314
2769 68
2770 452
2771 295
2772 233
2773 326
2774 271
2775 306
2776 289
2777 289
2778 289
2779 212
2780 436
2781 275
2782 226
2783 129
2784 183
2785 361
2786 296
2787 199
2788 216
2789 660
2790 286
2791 425
2792 182
2793 255
2794 388
2795 332
2796 341
2797 311
2798 506
2799 263
2800 193
2801 401
2802 439
2803 262
2804 296
2805 176
2806 274
2807 342
2808 283
2809 203
2810 279
2811 429
2812 213
2813 267
2814 392
2815 126
2816 358
2817 209
2818 414
2819 276
2820 330
2821 244
2822 374
2823 520
2824 277
2825 290
2826 368
2827 291
2828 286
2829 299
2830 290
2831 256
2832 332
2833 289
2834 289
2835 289
2836 289
2837 493
2838 442
2839 289
2840 291
2841 289
2842 289
2843 289
2844 289
2845 289
2846 289
2847 206
2848 302
2849 214
2850 324
2851 332
2852 475
2853 141
2854 329
2855 266
2856 376
2857 373
2858 252
2859 316
2860 267
2861 306
2862 289
2863 289
2864 289
2865 241
2866 345
2867 198
2868 414
2869 299
2870 209
2871 349
2872 297
2873 424
2874 220
2875 278
2876 119
2877 462
2878 177
2879 295
2880 141
2881 91
2882 257
2883 185
2884 148
2885 292
2886 230
2887 306
2888 300
2889 422
2890 199
2891 214
2892 209
2893 272
2894 137
2895 418
2896 299
2897 253
2898 435
2899 174
2900 236
2901 513
2902 179
2903 285
2904 435
2905 290
2906 348
2907 352
2908 214
2909 148
2910 364
2911 269
2912 279
2913 318
2914 335
2915 295
2916 312
2917 198
2918 340
2919 289
2920 289
2921 289
2922 289
2923 493
2924 442
2925 289
2926 297
2927 289
2928 289
2929 289
2930 289
2931 289
2932 390
2933 39
2934 410
2935 286
2936 325
2937 266
2938 174
2939 330
2940 190
2941 302
2942 255
2943 271
2944 204
2945 276
2946 317
2947 306
2948 289
2949 289
2950 289
2951 263
2952 316
2953 362
2954 255
2955 163
2956 162
2957 280
2958 447
2959 89
2960 313
2961 300
2962 281
2963 426
2964 179
2965 255
2966 391
2967 402
2968 289
2969 289
2970 410
2971 324
2972 237
2973 311
2974 290
2975 239
2976 330
2977 509
2978 172
2979 619
2980 389
2981 236
2982 271
2983 349
2984 276
2985 299
2986 329
2987 167
2988 287
2989 207
2990 187
2991 195
2992 235
2993 320
2994 342
2995 269
2996 315
2997 341
2998 306
2999 265
3000 146
3001 368
3002 284
3003 269
3004 340
3005 289
3006 289
3007 289
3008 289
3009 493
3010 442
3011 289
3012 282
3013 289
3014 289
3015 287
3016 289
3017 289
3018 394
3019 318
3020 172
3021 452
3022 291
3023 367
3024 248
3025 466
3026 207
3027 565
3028 241
3029 235
3030 447
3031 334
3032 202
3033 306
3034 289
3035 289
3036 289
3037 282
3038 276
3039 282
3040 371
3041 324
3042 353
3043 268
3044 176
3045 415
3046 355
3047 509
3048 102
3049 443
3050 184
3051 301
3052 289
3053 289
3054 289
3055 289
3056 356
3057 237
3058 290
3059 164
3060 339
3061 332
3062 255
3063 201
3064 216
3065 124
3066 125
3067 223
3068 248
3069 220
3070 321
3071 285
3072 293
3073 279
3074 205
3075 322
3076 580
3077 279
3078 258
3079 401
3080 313
3081 210
3082 369
3083 194
3084 332
3085 243
3086 369
3087 192
3088 211
3089 262
3090 335
3091 289
3092 289
3093 289
3094 289
3095 493
3096 442
3097 289
3098 291
3099 289
3100 289
3101 228
3102 312
3103 339
3104 226
3105 105
3106 440
3107 140
3108 306
3109 255
3110 295
3111 235
3112 259
3113 56
3114 238
3115 162
3116 459
3117 196
3118 239
3119 307
3120 289
3121 289
3122 289
3123 287
3124 257
3125 316
3126 251
3127 315
3128 281
3129 314
3130 334
3131 124
3132 122
3133 214
3134 193
3135 516
3136 181
3137 276
3138 289
3139 289
3140 289
3141 289
3142 374
3143 144
3144 480
3145 196
3146 320
3147 258
3148 287
3149 316
3150 293
3151 449
3152 411
3153 381
3154 328
3155 323
3156 234
3157 276
3158 352
3159 345
3160 289
3161 367
3162 224
3163 296
3164 134
3165 144
3166 360
3167 395
3168 203
3169 341
3170 287
3171 308
3172 303
3173 322
3174 394
3175 202
3176 330
3177 289
3178 289
3179 289
3180 289
3181 493
3182 442
3183 289
3184 288
3185 289
3186 289
3187 439
3188 253
3189 359
3190 92
3191 109
3192 362
3193 309
3194 234
3195 280
3196 381
3197 396
3198 263
3199 353
3200 351
3201 168
3202 379
3203 412
3204 231
3205 316
3206 289
3207 289
3208 289
3209 294
3210 280
3211 267
3212 314
3213 339
3214 184
3215 338
3216 203
3217 326
3218 366
3219 378
3220 274
3221 414
3222 184
3223 293
3224 289
3225 289
3226 289
3227 289
3228 370
3229 244
3230 257
3231 433
3232 233
3233 331
3234 265
3235 331
3236 283
3237 289
3238 289
3239 289
3240 391
3241 185
3242 408
3243 227
3244 380
3245 319
3246 324
3247 226
3248 443
3249 176
3250 449
3251 135
3252 443
3253 120
3254 287
3255 209
3256 436
3257 441
3258 341
3259 496
3260 283
3261 361
3262 335
3263 289
3264 289
3265 289
3266 289
3267 493
3268 442
3269 289
3270 288
3271 289
3272 273
3273 118
3274 351
3275 269
3276 289
3277 344
3278 342
3279 342
3280 281
3281 281
3282 269
3283 178
3284 99
3285 332
3286 125
3287 472
3288 281
3289 221
3290 305
3291 318
3292 289
3293 289
3294 289
3295 294
3296 321
3297 272
3298 303
3299 269
3300 327
3301 324
3302 270
3303 379
3304 299
3305 298
3306 274
3307 408
3308 172
3309 281
3310 289
3311 289
3312 289
3313 289
3314 343
3315 257
3316 297
3317 185
3318 268
3319 213
3320 415
3321 279
3322 235
3323 289
3324 289
3325 289
3326 409
3327 107
3328 298
3329 187
3330 297
3331 128
3332 246
3333 570
3334 108
3335 331
3336 410
3337 236
3338 170
3339 326
3340 384
3341 312
3342 121
3343 66
3344 66
3345 32
3346 51
3347 108
3348 344
3349 289
3350 289
3351 289
3352 289
3353 493
3354 442
3355 289
3356 371
3357 406
3358 201
3359 392
3360 294
3361 148
3362 442
3363 242
3364 229
3365 432
3366 418
3367 295
3368 276
3369 205
3370 505
3371 220
3372 147
3373 180
3374 201
3375 303
3376 333
3377 320
3378 289
3379 289
3380 289
3381 277
3382 355
3383 324
3384 231
3385 320
3386 295
3387 250
3388 358
3389 315
3390 357
3391 298
3392 304
3393 367
3394 177
3395 294
3396 289
3397 289
3398 289
3399 289
3400 299
3401 233
3402 250
3403 268
3404 288
3405 186
3406 295
3407 308
3408 209
3409 289
3410 289
3411 289
3412 410
3413 26
3414 525
3415 254
3416 277
3417 191
3418 368
3419 250
3420 278
3421 307
3422 375
3423 153
3424 405
3425 54
3426 414
3427 278
3428 262
3429 423
3430 407
3431 414
3432 420
3433 338
3434 435
3435 289
3436 289
3437 289
3438 289
3439 493
3440 442
3441 353
3442 44
3443 50
3444 530
3445 354
3446 431
3447 379
3448 177
3449 503
3450 145
3451 126
3452 591
3453 245
3454 151
3455 448
3456 486
3457 104
3458 487
3459 327
3460 320
3461 328
3462 252
3463 322
3464 289
3465 289
3466 289
3467 261
3468 234
3469 269
3470 302
3471 288
3472 307
3473 331
3474 226
3475 140
3476 279
3477 323
3478 285
3479 435
3480 183
3481 247
3482 321
3483 392
3484 400
3485 368
3486 282
3487 309
3488 254
3489 282
3490 301
3491 355
3492 332
3493 275
3494 225
3495 289
3496 289
3497 289
3498 402
3499 102
3500 258
3501 380
3502 318
3503 90
3504 292
3505 163
3506 366
3507 253
3508 395
3509 307
3510 225
3511 359
3512 359
3513 183
3514 490
3515 204
3516 393
3517 271
3518 314
3519 152
3520 38
3521 393
3522 289
3523 289
3524 289
3525 493
3526 442
3527 347
3528 417
3529 198
3530 221
3531 205
3532 170
3533 340
3534 330
3535 290
3536 417
3537 261
3538 125
3539 401
3540 162
3541 267
3542 126
3543 304
3544 301
3545 308
3546 295
3547 171
3548 333
3549 323
3550 289
3551 289
3552 289
3553 234
3554 346
3555 299
3556 331
3557 288
3558 271
3559 317
3560 288
3561 360
3562 207
3563 312
3564 247
3565 353
3566 190
3567 209
3568 401
3569 81
3570 107
3571 273
3572 125
3573 76
3574 396
3575 385
3576 318
3577 347
3578 242
3579 394
3580 111
3581 391
3582 289
3583 289
3584 346
3585 375
3586 291
3587 155
3588 325
3589 516
3590 227
3591 380
3592 184
3593 174
3594 334
3595 484
3596 163
3597 413
3598 243
3599 391
3600 75
3601 200
3602 204
3603 223
3604 224
3605 201
3606 217
3607 465
3608 289
3609 289
3610 289
3611 493
3612 442
3613 289
3614 301
3615 289
3616 289
3617 289
3618 156
3619 352
3620 293
3621 410
3622 49
3623 344
3624 198
3625 276
3626 438
3627 303
3628 297
3629 256
3630 347
3631 291
3632 323
3633 344
3634 117
3635 326
3636 287
3637 289
3638 289
3639 214
3640 438
3641 297
3642 233
3643 259
3644 253
3645 328
3646 336
3647 175
3648 550
3649 199
3650 362
3651 422
3652 182
3653 205
3654 358
3655 359
3656 408
3657 325
3658 548
3659 244
3660 411
3661 259
3662 312
3663 224
3664 251
3665 410
3666 224
3667 224
3668 229
3669 194
3670 211
3671 397
3672 294
3673 237
3674 381
3675 90
3676 293
3677 432
3678 271
3679 415
3680 84
3681 141
3682 235
3683 423
3684 123
3685 530
3686 339
3687 322
3688 340
3689 458
3690 375
3691 386
3692 144
3693 416
3694 289
3695 289
3696 289
3697 493
3698 442
3699 289
3700 289
3701 289
3702 289
3703 289
3704 219
3705 407
3706 236
3707 340
3708 323
3709 293
3710 233
3711 250
3712 280
3713 222
3714 161
3715 394
3716 379
3717 293
3718 228
3719 378
3720 242
3721 324
3722 236
3723 289
3724 345
3725 299
3726 263
3727 122
3728 295
3729 336
3730 353
3731 357
3732 140
3733 217
3734 170
3735 299
3736 212
3737 427
3738 167
3739 174
3740 302
3741 246
3742 170
3743 126
3744 351
3745 376
3746 427
3747 195
3748 247
3749 428
3750 206
3751 357
3752 329
3753 478
3754 274
3755 288
3756 492
3757 469
3758 176
3759 330
3760 320
3761 310
3762 207
3763 136
3764 215
3765 438
3766 94
3767 201
3768 198
3769 340
3770 383
3771 128
3772 170
3773 426
3774 161
3775 166
3776 146
3777 347
3778 110
3779 406
3780 289
3781 289
3782 289
3783 493
3784 442
3785 289
3786 289
3787 289
3788 289
3789 289
3790 252
3791 334
3792 241
3793 283
3794 168
3795 349
3796 255
3797 362
3798 425
3799 394
3800 99
3801 341
3802 172
3803 314
3804 310
3805 294
3806 248
3807 354
3808 240
3809 336
3810 275
3811 258
3812 314
3813 352
3814 304
3815 342
3816 260
3817 179
3818 415
3819 289
3820 469
3821 153
3822 343
3823 376
3824 116
3825 271
3826 558
3827 390
3828 289
3829 364
3830 263
3831 226
3832 241
3833 322
3834 322
3835 197
3836 365
3837 225
3838 170
3839 277
3840 268
3841 206
3842 289
3843 336
3844 164
3845 488
3846 219
3847 407
3848 163
3849 459
3850 360
3851 258
3852 413
3853 263
3854 335
3855 182
3856 280
3857 163
3858 550
3859 321
3860 244
3861 344
3862 333
3863 447
3864 156
3865 360
3866 289
3867 289
3868 289
3869 493
3870 442
3871 289
3872 284
3873 289
3874 289
3875 289
3876 267
3877 270
3878 386
3879 206
3880 556
3881 204
3882 273
3883 182
3884 254
3885 353
3886 212
3887 110
3888 221
3889 293
3890 240
3891 283
3892 256
3893 323
3894 316
3895 289
3896 289
3897 380
3898 132
3899 392
3900 262
3901 295
3902 342
3903 110
3904 376
3905 289
3906 289
3907 292
3908 302
3909 439
3910 186
3911 225
3912 288
3913 275
3914 240
3915 277
3916 227
3917 374
3918 286
3919 189
3920 367
3921 246
3922 207
3923 253
3924 266
3925 407
3926 310
3927 216
3928 215
3929 345
3930 194
3931 301
3932 175
3933 354
3934 498
3935 233
3936 159
3937 402
3938 227
3939 268
3940 339
3941 325
3942 317
3943 380
3944 395
3945 160
3946 399
3947 395
3948 46
3949 172
3950 384
3951 289
3952 289
3953 289
3954 289
3955 493
3956 442
3957 289
3958 296
3959 289
3960 289
3961 289
3962 274
3963 263
3964 290
3965 274
3966 425
3967 182
3968 382
3969 604
3970 197
3971 216
3972 348
3973 396
3974 420
3975 268
3976 291
3977 325
3978 301
3979 323
3980 289
3981 289
3982 289
3983 289
3984 208
3985 373
3986 244
3987 206
3988 421
3989 273
3990 289
3991 289
3992 391
3993 128
3994 215
3995 405
3996 177
3997 219
3998 253
3999 359
4000 368
4001 234
4002 309
4003 323
4004 262
4005 212
4006 428
4007 336
4008 172
4009 463
4010 273
4011 300
4012 247
4013 294
4014 411
4015 209
4016 332
4017 207
4018 478
4019 150
4020 121
4021 380
4022 281
4023 290
4024 341
4025 375
4026 182
4027 426
4028 276
4029 271
4030 76
4031 485
4032 315
4033 281
4034 252
4035 572
4036 327
4037 289
4038 289
4039 289
4040 289
4041 493
4042 442
4043 289
4044 285
4045 289
4046 289
4047 289
4048 366
4049 284
4050 257
4051 305
4052 193
4053 225
4054 152
4055 227
4056 380
4057 278
4058 289
4059 289
4060 289
4061 289
4062 289
4063 358
4064 111
4065 323
4066 289
4067 289
4068 289
4069 289
4070 179
4071 386
4072 223
4073 299
4074 346
4075 75
4076 400
4077 289
4078 412
4079 133
4080 344
4081 457
4082 175
4083 288
4084 289
4085 289
4086 289
4087 295
4088 221
4089 312
4090 232
4091 326
4092 169
4093 384
4094 358
4095 299
4096 324
4097 424
4098 69
4099 285
4100 375
4101 351
4102 137
4103 336
4104 313
4105 106
4106 246
4107 482
4108 294
4109 302
4110 178
4111 261
4112 488
4113 311
4114 302
4115 191
4116 376
4117 104
4118 380
4119 255
4120 288
4121 96
4122 248
4123 359
4124 289
4125 289
4126 289
4127 493
4128 442
4129 289
4130 297
4131 289
4132 289
4133 289
4134 329
4135 240
4136 387
4137 225
4138 626
4139 243
4140 322
4141 243
4142 259
4143 243
4144 289
4145 289
4146 289
4147 289
4148 289
4149 384
4150 185
4151 330
4152 289
4153 289
4154 289
4155 289
4156 197
4157 496
4158 311
4159 310
4160 353
4161 62
4162 471
4163 289
4164 289
4165 356
4166 233
4167 438
4168 190
4169 289
4170 289
4171 289
4172 289
4173 334
4174 141
4175 233
4176 251
4177 344
4178 379
4179 199
4180 279
4181 229
4182 300
4183 397
4184 227
4185 162
4186 189
4187 192
4188 333
4189 388
4190 348
4191 111
4192 309
4193 480
4194 179
4195 116
4196 365
4197 320
4198 133
4199 252
4200 375
4201 254
4202 262
4203 181
4204 326
4205 136
4206 414
4207 77
4208 342
4209 289
4210 289
4211 289
4212 289
4213 493
4214 442
4215 289
4216 283
4217 289
4218 289
4219 289
4220 273
4221 225
4222 268
4223 429
4224 166
4225 188
4226 262
4227 117
4228 436
4229 255
4230 289
4231 289
4232 289
4233 289
4234 289
4235 391
4236 151
4237 328
4238 289
4239 289
4240 289
4241 289
4242 221
4243 415
4244 351
4245 140
4246 329
4247 185
4248 411
4249 289
4250 394
4251 65
4252 384
4253 364
4254 188
4255 291
4256 289
4257 289
4258 289
4259 353
4260 417
4261 338
4262 290
4263 312
4264 255
4265 125
4266 446
4267 177
4268 474
4269 244
4270 338
4271 340
4272 412
4273 255
4274 268
4275 370
4276 347
4277 201
4278 361
4279 245
4280 160
4281 416
4282 312
4283 292
4284 285
4285 295
4286 127
4287 358
4288 224
4289 570
4290 288
4291 274
4292 310
4293 340
4294 410
4295 289
4296 289
4297 289
4298 289
4299 493
4300 442
4301 289
4302 289
4303 289
4304 289
4305 289
4306 257
4307 318
4308 357
4309 219
4310 437
4311 222
4312 471
4313 270
4314 489
4315 253
4316 289
4317 289
4318 289
4319 289
4320 289
4321 388
4322 151
4323 330
4324 288
4325 289
4326 289
4327 389
4328 40
4329 55
4330 416
4331 166
4332 374
4333 197
4334 404
4335 289
4336 342
4337 156
4338 414
4339 238
4340 195
4341 287
4342 289
4343 289
4344 289
4345 351
4346 121
4347 681
4348 112
4349 386
4350 249
4351 294
4352 285
4353 376
4354 259
4355 163
4356 278
4357 321
4358 200
4359 420
4360 168
4361 311
4362 302
4363 262
4364 284
4365 149
4366 436
4367 283
4368 413
4369 317
4370 250
4371 284
4372 302
4373 296
4374 344
4375 283
4376 256
4377 217
4378 471
4379 182
4380 128
4381 368
4382 289
4383 289
4384 289
4385 493
4386 442
4387 289
4388 286
4389 289
4390 289
4391 289
4392 246
4393 368
4394 229
4395 322
4396 166
4397 167
4398 171
4399 292
4400 319
4401 228
4402 289
4403 289
4404 289
4405 289
4406 289
4407 377
4408 149
4409 335
4410 268
4411 357
4412 353
4413 306
4414 237
4415 416
4416 272
4417 373
4418 297
4419 346
4420 112
4421 119
4422 188
4423 262
4424 237
4425 500
4426 211
4427 289
4428 289
4429 289
4430 289
4431 383
4432 105
4433 90
4434 129
4435 258
4436 329
4437 492
4438 331
4439 248
4440 224
4441 281
4442 271
4443 372
4444 399
4445 184
4446 426
4447 225
4448 189
4449 448
4450 289
4451 408
4452 198
4453 253
4454 174
4455 197
4456 249
4457 425
4458 145
4459 440
4460 255
4461 345
4462 183
4463 288
4464 248
4465 235
4466 117
4467 391
4468 289
4469 289
4470 289
4471 493
4472 442
4473 289
4474 290
4475 289
4476 289
4477 289
4478 246
4479 485
4480 378
4481 218
4482 285
4483 418
4484 416
4485 121
4486 412
4487 173
4488 289
4489 289
4490 289
4491 297
4492 289
4493 371
4494 223
4495 373
4496 285
4497 241
4498 124
4499 312
4500 382
4501 264
4502 392
4503 119
4504 325
4505 261
4506 431
4507 408
4508 386
4509 420
4510 344
4511 325
4512 207
4513 288
4514 289
4515 289
4516 289
4517 326
4518 365
4519 395
4520 345
4521 500
4522 278
4523 140
4524 162
4525 399
4526 190
4527 272
4528 475
4529 258
4530 212
4531 407
4532 262
4533 356
4534 324
4535 314
4536 223
4537 225
4538 376
4539 430
4540 471
4541 268
4542 177
4543 193
4544 255
4545 341
4546 274
4547 256
4548 373
4549 296
4550 243
4551 348
4552 588
4553 289
4554 289
4555 289
4556 289
4557 493
4558 442
4559 289
4560 291
4561 289
4562 289
4563 474
4564 37
4565 207
4566 253
4567 255
4568 298
4569 293
4570 295
4571 188
4572 408
4573 228
4574 191
4575 253
4576 288
4577 260
4578 355
4579 336
4580 61
4581 375
4582 247
4583 217
4584 382
4585 363
4586 127
4587 431
4588 177
4589 352
4590 317
4591 284
4592 262
4593 225
4594 406
4595 272
4596 188
4597 576
4598 207
4599 266
4600 351
4601 289
4602 289
4603 273
4604 197
4605 296
4606 297
4607 287
4608 234
4609 193
4610 247
4611 194
4612 257
4613 414
4614 196
4615 243
4616 299
4617 313
4618 91
4619 288
4620 365
4621 285
4622 345
4623 376
4624 267
4625 205
4626 245
4627 381
4628 457
4629 323
4630 341
4631 191
4632 392
4633 117
4634 297
4635 290
4636 122
4637 438
4638 33
4639 378
4640 289
4641 289
4642 289
4643 493
4644 442
4645 341
4646 467
4647 196
4648 231
4649 203
4650 661
4651 422
4652 445
4653 279
4654 296
4655 457
4656 254
4657 358
4658 395
4659 610
4660 396
4661 432
4662 476
4663 438
4664 187
4665 172
4666 613
4667 365
4668 312
4669 439
4670 453
4671 319
4672 434
4673 255
4674 573
4675 223
4676 469
4677 355
4678 551
4679 282
4680 291
4681 400
4682 540
4683 207
4684 204
4685 250
4686 495
4687 250
4688 230
4689 338
4690 679
4691 218
4692 527
4693 166
4694 474
4695 525
4696 422
4697 443
4698 508
4699 385
4700 345
4701 363
4702 433
4703 391
4704 561
4705 345
4706 382
4707 134
4708 398
4709 303
4710 385
4711 489
4712 184
4713 203
4714 524
4715 171
4716 655
4717 128
4718 713
4719 262
4720 423
4721 437
4722 307
4723 66
4724 191
4725 382
4726 289
4727 289
4728 289
4729 493
4730 442
4731 289
4732 237
4733 204
4734 206
4735 205
4736 204
4737 206
4738 214
4739 205
4740 206
4741 209
4742 207
4743 204
4744 202
4745 201
4746 204
4747 201
4748 187
4749 188
4750 187
4751 187
4752 211
4753 289
4754 207
4755 192
4756 187
4757 191
4758 197
4759 187
4760 187
4761 187
4762 187
4763 188
4764 187
4765 189
4766 188
4767 188
4768 187
4769 188
4770 259
4771 256
4772 239
4773 205
4774 210
4775 189
4776 186
4777 178
4778 177
4779 186
4780 194
4781 182
4782 180
4783 185
4784 187
4785 180
4786 182
4787 177
4788 170
4789 170
4790 174
4791 170
4792 189
4793 175
4794 181
4795 175
4796 181
4797 195
4798 269
4799 200
4800 274
4801 173
4802 170
4803 170
4804 171
4805 176
4806 178
4807 204
4808 262
4809 400
4810 359
4811 289
4812 289
4813 289
4814 289
4815 493
4816 649
4817 425
4818 425
4819 413
4820 415
4821 419
4822 404
4823 402
4824 423
4825 389
4826 394
4827 403
4828 394
4829 397
4830 383
4831 385
4832 382
4833 396
4834 414
4835 399
4836 379
4837 381
4838 354
4839 356
4840 359
4841 347
4842 347
4843 370
4844 365
4845 370
4846 367
4847 362
4848 365
4849 356
4850 341
4851 351
4852 335
4853 340
4854 344
4855 328
4856 327
4857 329
4858 317
4859 316
4860 314
4861 328
4862 330
4863 339
4864 324
4865 324
4866 315
4867 323
4868 323
4869 330
4870 317
4871 323
4872 325
4873 308
4874 315
4875 310
4876 319
4877 296
4878 288
4879 305
4880 306
4881 317
4882 337
4883 314
4884 332
4885 340
4886 330
4887 330
4888 320
4889 309
4890 310
4891 303
4892 323
4893 311
4894 277
4895 280
4896 283
4897 286
4898 286
4899 294
4900 285
4901 452
4902 444
4903 177
4904 210
4905 223
4906 266
4907 231
4908 351
4909 200
4910 149
4911 393
4912 219
4913 295
4914 262
4915 226
4916 283
4917 291
4918 293
4919 278
4920 232
4921 293
4922 222
4923 342
4924 299
4925 291
4926 311
4927 398
4928 239
4929 335
4930 283
4931 266
4932 378
4933 192
4934 340
4935 242
4936 395
4937 276
4938 326
4939 382
4940 226
4941 400
4942 358
4943 238
4944 445
4945 335
4946 368
4947 269
4948 378
4949 278
4950 371
4951 300
4952 389
4953 300
4954 370
4955 323
4956 402
4957 250
4958 360
4959 363
4960 371
4961 288
4962 369
4963 338
4964 425
4965 346
4966 361
4967 389
4968 336
4969 342
4970 264
4971 392
4972 328
4973 250
4974 422
4975 321
4976 355
4977 416
4978 310
4979 241
4980 519
4981 346
4982 354
4983 461
4984 376
4985 255
4986 432
4987 676
