0	-1	254	254	254
1	0	255	255	255
2	0	255	255	255
3	0	255	255	255
4	0	255	255	255
5	0	255	255	255
6	0	255	255	255
7	0	255	255	255
8	0	255	255	255
9	0	255	255	255
10	0	255	255	255
11	0	255	255	255
12	0	255	255	255
13	0	255	255	255
14	0	255	255	255
15	0	255	255	255
16	0	255	255	255
17	0	255	255	255
18	0	255	255	255
19	0	255	255	255
20	0	255	255	255
21	0	255	255	255
22	0	255	255	255
23	0	255	255	255
24	0	255	255	255
25	0	255	255	255
26	0	255	255	255
27	0	255	255	255
28	0	255	255	255
29	0	255	255	255
30	0	255	255	255
31	0	255	255	255
32	0	255	255	255
33	0	255	255	255
34	0	255	255	255
35	0	255	255	255
36	0	255	255	255
37	0	255	255	255
38	0	255	255	255
39	0	255	255	255
40	0	255	255	255
41	0	255	255	255
42	0	255	255	255
43	0	255	255	255
44	0	255	255	255
45	0	255	255	255
46	0	255	255	255
47	0	255	255	255
48	0	255	255	255
49	0	255	255	255
50	0	255	255	255
51	0	255	255	255
52	0	255	255	255
53	0	255	255	255
54	0	255	255	255
55	0	255	255	255
56	0	255	255	255
57	0	255	255	255
58	0	255	255	255
59	0	255	255	255
60	0	255	255	255
61	0	255	255	255
62	0	255	255	255
63	0	255	255	255
64	0	255	255	255
65	0	255	255	255
66	0	255	255	255
67	0	255	255	255
68	0	255	255	255
69	0	255	255	255
70	0	255	255	255
71	0	255	255	255
72	0	255	255	255
73	0	255	255	255
74	0	255	255	255
75	0	255	255	255
76	0	255	255	255
77	0	255	255	255
78	0	255	255	255
79	0	255	255	255
80	0	255	255	255
81	0	254	254	254
82	0	255	255	255
83	0	255	255	255
84	0	255	255	255
85	0	255	255	255
86	0	255	255	255
87	0	255	255	255
88	0	255	255	255
89	0	255	255	255
90	0	255	255	255
91	0	255	255	255
92	0	255	255	255
93	0	255	255	255
94	0	255	255	255
95	0	255	255	255
96	0	255	255	255
97	0	255	255	255
98	0	255	255	255
99	0	255	255	255
100	0	255	255	255
101	0	255	255	255
102	0	255	255	255
103	0	255	255	255
104	0	255	255	255
105	0	255	255	255
106	0	255	255	255
107	0	255	255	255
108	0	255	255	255
109	0	255	255	255
110	0	255	255	255
111	0	255	255	255
112	0	255	255	255
113	0	255	255	255
114	0	255	255	255
115	0	255	255	255
116	0	255	255	255
117	0	255	255	255
118	0	255	255	255
119	0	255	255	255
120	0	255	255	255
121	0	255	255	255
122	0	255	255	255
123	0	255	255	255
124	0	255	255	255
125	0	255	255	255
126	0	255	255	255
127	0	255	255	255
128	0	255	255	255
129	0	255	255	255
130	0	255	255	255
131	0	255	255	255
132	0	255	255	255
133	0	255	255	255
134	0	255	255	255
135	0	255	255	255
136	0	255	255	255
137	0	255	255	255
138	0	255	255	255
139	0	255	255	255
140	0	255	255	255
141	0	255	255	255
142	0	255	255	255
143	0	255	255	255
144	0	255	255	255
145	0	255	255	255
146	0	255	255	255
147	0	255	255	255
148	0	255	255	255
149	0	255	255	255
150	0	255	255	255
151	0	255	255	255
152	0	255	255	255
153	0	255	255	255
154	0	255	255	255
155	0	255	255	255
156	0	255	255	255
157	0	255	255	255
158	0	255	255	255
159	0	255	255	255
160	0	255	255	255
161	0	255	255	255
162	-1	55	56	57
163	0	254	255	254
164	0	254	254	254
165	0	254	254	254
166	0	254	254	254
167	0	254	254	254
168	0	255	255	255
169	0	255	255	255
170	0	255	255	255
171	0	255	255	255
172	0	254	254	254
173	0	254	254	254
174	0	254	254	254
175	0	254	254	254
176	0	254	255	254
177	0	254	254	254
178	0	255	255	255
179	0	254	254	254
180	0	255	255	255
181	0	255	255	255
182	0	254	255	254
183	0	255	255	255
184	0	255	255	255
185	0	255	255	255
186	0	255	255	255
187	0	255	255	255
188	0	255	255	255
189	0	255	255	255
190	0	255	255	255
191	0	255	255	255
192	0	255	255	255
193	0	255	255	255
194	0	254	255	255
195	0	254	254	255
196	0	254	254	255
197	0	254	254	255
198	0	255	255	255
199	0	254	254	255
200	0	255	255	255
201	0	255	255	255
202	0	255	255	255
203	0	255	255	255
204	0	255	255	255
205	0	255	255	255
206	0	255	255	255
207	0	255	255	255
208	0	255	255	255
209	0	255	255	255
210	0	255	255	255
211	0	255	255	255
212	0	255	255	255
213	0	255	255	255
214	0	255	255	255
215	0	255	255	255
216	0	255	255	255
217	0	255	255	255
218	0	255	255	255
219	0	254	254	254
220	0	254	254	254
221	0	255	255	254
222	0	255	255	255
223	0	255	255	255
224	0	254	254	254
225	0	254	255	254
226	0	255	255	255
227	0	255	255	255
228	0	255	255	255
229	0	254	254	254
230	0	254	254	254
231	0	254	254	254
232	0	254	254	254
233	0	254	254	254
234	0	253	253	254
235	0	254	254	254
236	0	251	253	254
237	0	255	255	255
238	0	255	255	255
239	0	255	255	255
240	0	255	255	255
241	0	255	255	255
242	0	255	255	255
243	0	254	254	254
244	0	255	255	255
245	-1	52	52	52
246	0	248	248	248
247	-1	55	53	54
248	0	250	250	250
249	0	249	249	249
250	-1	47	46	50
251	-1	20	18	23
252	251	39	23	16
253	251	69	41	21
254	251	85	47	18
255	-1	41	44	23
256	-1	169	112	56
257	-1	146	212	193
258	257	125	200	180
259	257	144	210	191
260	-1	97	163	144
261	-1	23	62	53
262	-1	98	169	151
263	-1	150	221	202
264	-1	130	197	176
265	0	254	254	254
266	-1	23	28	38
267	-1	120	134	182
268	-1	52	72	108
269	-1	118	151	215
270	269	115	142	213
271	-1	23	30	44
272	-1	73	102	168
273	-1	109	150	225
274	273	123	159	236
275	273	124	158	233
276	-1	84	110	179
277	-1	134	167	238
278	-1	107	141	216
279	278	132	160	236
280	-1	108	135	211
281	0	254	254	254
282	-1	25	25	29
283	282	26	31	37
284	282	25	28	26
285	-1	95	93	57
286	285	90	89	48
287	285	80	82	45
288	285	81	83	48
289	285	89	90	56
290	-1	43	39	17
291	-1	85	80	48
292	291	100	95	52
293	-1	52	52	24
294	-1	90	88	58
295	-1	38	35	18
296	-1	91	89	54
297	296	80	79	44
298	-1	50	47	28
299	298	31	26	16
300	298	35	31	16
301	-1	89	86	48
302	301	91	90	47
303	301	98	94	49
304	301	100	97	54
305	301	94	100	63
306	-1	24	31	29
307	-1	123	217	229
308	307	124	213	224
309	-1	16	22	35
310	-1	92	97	198
311	-1	60	68	167
312	-1	81	90	206
313	-1	18	21	42
314	-1	96	126	216
315	-1	38	47	80
316	-1	9	19	61
317	-1	41	55	113
318	0	251	252	254
319	0	255	255	255
320	0	255	255	255
321	0	255	255	255
322	0	255	255	255
323	0	255	255	255
324	0	251	251	251
325	0	255	255	255
326	0	254	254	254
327	0	254	254	254
328	0	254	254	254
329	0	255	255	254
330	0	253	253	253
331	251	21	20	23
332	251	24	23	27
333	251	34	28	30
334	251	45	23	10
335	251	85	46	16
336	256	151	104	68
337	256	167	102	42
338	-1	86	156	137
339	-1	30	61	51
340	257	151	226	205
341	257	149	221	201
342	257	146	212	194
343	262	109	182	157
344	-1	27	44	34
345	-1	74	127	110
346	0	254	254	254
347	0	250	252	253
348	0	248	250	251
349	-1	34	35	46
350	-1	252	252	254
351	350	252	252	254
352	350	248	249	253
353	273	127	159	231
354	273	104	131	216
355	-1	21	31	51
356	276	80	108	196
357	277	127	152	240
358	276	82	108	191
359	-1	19	28	41
360	-1	82	108	188
361	-1	25	37	60
362	0	254	254	254
363	-1	92	90	68
364	-1	132	193	209
365	364	123	199	209
366	364	126	212	221
367	364	124	206	210
368	-1	31	32	19
369	368	27	25	15
370	368	30	28	17
371	368	35	35	24
372	368	46	41	22
373	368	46	47	32
374	368	26	21	12
375	368	28	26	17
376	368	26	26	15
377	368	43	37	21
378	368	29	23	13
379	368	34	28	14
380	-1	95	91	50
381	380	90	83	46
382	380	96	90	46
383	380	95	90	47
384	380	96	91	53
385	-1	29	32	18
386	-1	129	215	222
387	386	161	218	227
388	386	134	217	230
389	386	123	217	227
390	309	17	28	36
391	310	82	81	198
392	310	73	77	202
393	310	74	77	195
394	313	17	18	43
395	314	91	116	202
396	-1	69	85	151
397	-1	128	146	211
398	397	116	139	208
399	0	254	254	254
400	0	255	255	255
401	0	255	255	255
402	0	255	255	255
403	0	255	255	255
404	0	255	255	255
405	0	254	254	254
406	0	255	255	255
407	0	254	254	254
408	0	255	255	255
409	0	255	255	255
410	0	255	255	255
411	0	254	254	254
412	251	33	32	35
413	251	25	20	22
414	251	39	21	11
415	251	74	39	15
416	251	91	49	21
417	256	162	107	57
418	256	181	116	50
419	-1	133	205	185
420	338	100	177	155
421	338	105	178	160
422	338	105	177	158
423	-1	88	148	128
424	257	149	215	193
425	262	105	173	151
426	344	28	36	30
427	0	254	254	254
428	0	254	254	254
429	0	254	254	254
430	0	244	245	245
431	0	255	255	255
432	0	255	255	255
433	0	253	253	254
434	273	142	170	233
435	273	86	116	190
436	273	73	96	175
437	277	121	146	227
438	276	85	111	193
439	277	126	151	231
440	359	32	35	50
441	359	28	30	48
442	359	31	31	45
443	0	253	254	253
444	-1	39	24	16
445	-1	92	101	171
446	364	146	205	212
447	-1	22	49	57
448	364	124	208	217
449	368	23	24	16
450	-1	109	130	177
451	-1	135	206	219
452	-1	51	81	90
453	-1	129	202	207
454	453	136	216	223
455	453	134	210	217
456	453	132	212	220
457	-1	100	95	65
458	368	26	24	13
459	368	32	29	16
460	380	96	86	47
461	380	101	91	46
462	380	96	93	47
463	380	100	96	52
464	-1	38	26	23
465	464	33	24	26
466	386	132	211	218
467	386	134	221	229
468	-1	33	68	76
469	386	133	216	229
470	386	131	214	227
471	309	18	27	35
472	310	76	77	182
473	-1	16	21	60
474	473	12	16	37
475	473	22	30	41
476	-1	251	252	252
477	476	252	252	252
478	476	250	251	252
479	-1	20	33	78
480	0	252	253	254
481	0	255	255	255
482	0	255	255	255
483	0	255	255	255
484	0	255	255	255
485	0	255	255	255
486	0	255	255	255
487	0	254	254	254
488	-1	86	86	86
489	0	254	254	254
490	0	255	255	255
491	0	255	255	255
492	0	254	254	254
493	-1	119	109	101
494	251	37	27	22
495	251	62	36	18
496	-1	166	121	86
497	256	146	95	49
498	256	182	114	48
499	256	160	104	42
500	-1	164	222	203
501	338	124	192	174
502	-1	158	226	208
503	338	118	190	170
504	338	136	204	184
505	338	139	202	184
506	338	151	215	195
507	262	98	155	133
508	0	254	254	254
509	0	254	254	254
510	0	254	254	254
511	0	254	254	254
512	0	255	255	255
513	0	255	255	255
514	0	255	255	255
515	0	247	249	253
516	-1	41	50	64
517	277	130	155	233
518	-1	25	26	52
519	518	28	29	47
520	518	30	33	46
521	518	24	32	36
522	518	41	42	46
523	518	26	25	28
524	0	254	254	254
525	-1	102	94	63
526	-1	17	26	68
527	364	147	209	216
528	364	143	211	218
529	364	125	190	199
530	-1	49	52	40
531	-1	12	28	59
532	451	160	223	233
533	451	153	211	218
534	451	124	213	223
535	451	144	213	221
536	451	132	212	219
537	451	133	212	218
538	457	96	93	53
539	368	34	35	18
540	380	89	85	49
541	380	105	94	55
542	380	102	95	55
543	-1	35	24	11
544	-1	83	61	73
545	-1	139	112	138
546	464	41	27	38
547	386	147	221	226
548	386	121	217	222
549	386	125	215	227
550	386	133	216	228
551	386	125	212	225
552	309	19	28	34
553	310	76	78	189
554	473	18	21	47
555	473	18	26	30
556	476	250	251	251
557	476	255	255	255
558	476	255	255	255
559	476	248	252	253
560	-1	114	139	190
561	0	252	253	254
562	0	255	255	254
563	0	255	255	255
564	0	255	255	255
565	0	255	255	255
566	0	255	255	255
567	0	255	255	255
568	0	255	255	255
569	0	252	252	252
570	0	253	253	253
571	0	254	254	254
572	0	253	254	253
573	0	254	254	253
574	-1	97	59	20
575	-1	250	249	249
576	251	86	51	25
577	251	105	59	22
578	256	191	130	70
579	256	181	120	56
580	-1	38	42	22
581	338	114	176	159
582	502	159	225	205
583	502	139	202	182
584	502	145	218	200
585	338	100	168	150
586	-1	30	40	34
587	262	93	151	133
588	338	139	200	180
589	0	254	254	254
590	-1	119	119	119
591	0	255	255	255
592	0	255	255	255
593	0	255	255	255
594	0	255	255	255
595	0	254	254	254
596	-1	20	22	33
597	-1	103	123	207
598	518	38	39	65
599	518	20	26	36
600	518	41	48	50
601	518	21	28	31
602	518	25	34	37
603	-1	75	77	81
604	518	29	28	31
605	0	254	254	254
606	-1	36	34	20
607	364	129	210	217
608	-1	83	126	132
609	364	143	208	216
610	-1	12	31	35
611	-1	89	87	56
612	531	12	25	44
613	-1	81	93	161
614	451	145	201	205
615	451	144	210	214
616	451	157	221	228
617	-1	16	43	52
618	451	143	216	223
619	457	103	105	65
620	457	97	94	55
621	457	96	93	54
622	457	94	88	48
623	543	37	26	14
624	543	36	22	15
625	-1	197	173	186
626	545	135	108	131
627	464	34	21	32
628	-1	109	89	110
629	-1	21	24	32
630	629	17	49	60
631	-1	84	125	137
632	309	14	42	56
633	309	17	26	32
634	309	20	22	54
635	309	15	20	36
636	309	24	30	33
637	476	252	252	252
638	476	255	255	255
639	476	255	255	255
640	476	250	253	253
641	560	130	155	200
642	0	251	252	254
643	0	255	255	255
644	0	255	255	255
645	0	255	255	255
646	0	255	255	255
647	0	255	255	255
648	0	255	255	255
649	0	254	254	254
650	-1	35	32	34
651	-1	96	90	91
652	-1	100	65	36
653	652	92	52	16
654	-1	159	114	68
655	654	178	133	87
656	654	178	123	61
657	654	181	130	83
658	654	191	126	60
659	654	188	125	59
660	654	176	121	58
661	654	186	130	69
662	502	145	214	198
663	502	140	200	182
664	502	158	221	203
665	338	105	177	158
666	586	35	48	43
667	-1	128	187	170
668	262	88	143	125
669	338	150	209	191
670	0	254	254	254
671	0	254	254	254
672	0	255	255	255
673	0	254	254	254
674	0	255	255	255
675	0	255	255	255
676	0	254	254	254
677	-1	102	101	105
678	518	32	34	46
679	518	25	33	37
680	518	31	40	42
681	518	20	29	32
682	518	28	36	39
683	518	35	40	43
684	518	30	37	40
685	518	20	21	26
686	0	254	254	254
687	-1	99	95	64
688	606	14	37	43
689	364	140	209	215
690	610	10	38	47
691	-1	81	118	126
692	611	95	91	59
693	-1	125	199	211
694	451	153	220	229
695	-1	19	44	52
696	695	12	36	43
697	-1	84	125	132
698	451	137	201	207
699	617	14	38	41
700	457	102	96	59
701	-1	42	28	14
702	-1	172	149	128
703	543	40	28	13
704	543	43	25	14
705	543	52	29	17
706	543	34	18	13
707	625	213	185	211
708	-1	176	148	176
709	-1	79	57	72
710	629	20	22	31
711	-1	134	211	215
712	711	140	215	225
713	711	131	207	215
714	309	23	30	37
715	-1	93	89	176
716	309	26	25	41
717	309	22	21	25
718	476	254	254	254
719	476	255	255	255
720	476	255	255	255
721	476	252	253	253
722	-1	28	44	77
723	0	252	253	254
724	0	255	255	255
725	0	255	255	255
726	0	255	255	255
727	0	255	255	255
728	0	255	255	255
729	0	255	255	255
730	0	254	254	254
731	650	52	48	51
732	650	62	37	21
733	-1	187	141	97
734	654	148	101	54
735	654	199	140	76
736	654	194	132	65
737	654	191	132	71
738	654	188	122	56
739	-1	59	46	24
740	654	188	127	64
741	-1	38	57	43
742	741	30	41	37
743	-1	107	162	148
744	502	165	224	209
745	-1	63	111	97
746	338	125	189	171
747	586	29	37	31
748	586	40	56	49
749	338	154	206	192
750	-1	20	26	24
751	0	254	254	254
752	0	251	251	251
753	0	254	254	254
754	0	253	253	253
755	0	254	254	254
756	0	254	254	254
757	0	253	253	253
758	518	25	23	28
759	518	27	26	30
760	518	27	33	36
761	518	21	30	33
762	518	48	57	61
763	518	22	29	33
764	-1	78	85	88
765	518	30	38	41
766	518	33	38	42
767	0	253	254	254
768	606	34	30	21
769	364	139	206	213
770	364	144	215	219
771	610	13	37	45
772	-1	135	209	217
773	611	92	88	56
774	451	129	205	218
775	-1	83	124	130
776	451	149	210	212
777	695	13	37	43
778	451	164	218	222
779	451	146	210	214
780	617	19	45	53
781	701	35	25	15
782	-1	203	178	150
783	543	41	27	19
784	-1	207	185	161
785	-1	155	109	71
786	785	151	95	50
787	543	33	18	11
788	-1	147	120	144
789	788	165	137	162
790	629	46	29	43
791	-1	121	102	120
792	711	130	211	216
793	711	121	213	222
794	-1	251	252	253
795	794	254	254	254
796	794	251	251	252
797	794	253	253	253
798	794	252	252	252
799	794	253	253	253
800	794	255	255	255
801	794	255	255	255
802	794	253	253	254
803	722	31	46	84
804	0	251	252	254
805	0	255	255	255
806	0	255	255	255
807	0	255	255	255
808	0	255	255	255
809	0	255	255	255
810	0	255	255	255
811	0	254	254	254
812	650	57	38	22
813	-1	160	114	71
814	813	192	128	68
815	813	207	148	85
816	654	179	121	67
817	-1	108	62	21
818	-1	45	37	25
819	818	55	39	25
820	-1	160	224	208
821	-1	136	200	180
822	-1	111	148	136
823	-1	163	207	196
824	741	22	47	39
825	502	142	205	189
826	502	122	187	169
827	-1	160	230	211
828	586	29	39	33
829	586	30	36	30
830	586	26	35	30
831	-1	127	176	162
832	0	253	254	254
833	0	251	251	251
834	0	254	254	254
835	-1	87	93	118
836	-1	21	26	44
837	836	21	23	26
838	-1	109	108	111
839	518	27	27	30
840	518	32	31	35
841	518	25	26	30
842	518	23	31	35
843	518	44	53	56
844	518	31	37	40
845	518	37	42	45
846	518	27	36	39
847	518	28	36	39
848	0	254	254	254
849	-1	89	90	63
850	606	16	40	47
851	364	142	218	223
852	-1	79	117	124
853	610	12	30	31
854	611	95	91	58
855	-1	11	28	35
856	451	159	226	230
857	451	154	223	227
858	695	12	35	42
859	-1	74	115	122
860	617	12	33	41
861	451	143	217	226
862	782	194	175	151
863	543	39	26	15
864	543	58	29	11
865	785	148	102	58
866	785	163	107	56
867	785	181	121	71
868	543	41	23	14
869	-1	216	189	214
870	788	128	101	124
871	-1	204	178	202
872	629	20	21	31
873	-1	35	61	70
874	794	249	252	252
875	794	254	254	255
876	794	255	255	255
877	794	255	255	255
878	794	255	255	255
879	794	254	254	254
880	-1	93	93	94
881	794	254	254	254
882	794	255	255	255
883	794	253	254	254
884	-1	127	154	201
885	0	254	254	254
886	0	255	255	255
887	0	255	255	255
888	0	255	255	255
889	0	255	255	255
890	0	255	255	255
891	0	255	255	255
892	0	255	255	254
893	650	92	53	17
894	813	160	106	50
895	813	193	134	69
896	813	176	121	64
897	-1	140	97	61
898	818	43	42	31
899	-1	136	191	178
900	-1	72	104	93
901	-1	112	175	158
902	901	109	168	149
903	823	158	214	195
904	-1	232	233	231
905	904	228	237	235
906	-1	99	143	130
907	-1	25	41	35
908	827	141	211	194
909	-1	123	185	166
910	586	31	38	33
911	-1	148	210	192
912	-1	77	126	110
913	0	254	254	254
914	0	253	254	254
915	0	252	253	254
916	-1	158	169	207
917	836	23	26	52
918	836	27	26	30
919	-1	250	250	250
920	518	38	37	40
921	518	20	21	25
922	-1	72	73	77
923	518	27	35	38
924	518	28	37	41
925	518	25	34	37
926	518	31	39	42
927	518	22	30	33
928	-1	76	85	88
929	0	254	254	254
930	849	104	95	56
931	606	20	32	30
932	364	148	217	222
933	610	8	33	41
934	852	73	112	117
935	611	87	84	50
936	451	144	221	230
937	451	147	214	221
938	-1	85	122	129
939	451	136	220	224
940	451	161	223	229
941	451	152	219	224
942	451	131	206	214
943	-1	154	106	62
944	943	163	100	49
945	943	152	99	53
946	943	171	111	60
947	943	158	99	47
948	943	154	95	45
949	543	67	35	18
950	543	34	18	12
951	871	196	169	192
952	-1	152	124	151
953	952	127	104	129
954	629	25	33	43
955	794	251	253	254
956	794	255	255	255
957	794	255	255	255
958	794	255	255	255
959	794	255	255	255
960	794	255	255	255
961	794	253	253	253
962	794	255	255	255
963	794	255	255	255
964	794	251	253	254
965	884	117	136	184
966	0	250	251	254
967	0	255	255	255
968	0	255	255	255
969	0	255	255	255
970	0	255	255	255
971	0	255	255	255
972	0	255	255	255
973	0	255	255	254
974	813	146	92	40
975	813	198	137	73
976	-1	125	79	34
977	-1	43	35	25
978	977	66	34	12
979	818	34	48	42
980	818	16	31	25
981	901	131	185	170
982	-1	29	60	49
983	823	155	213	197
984	823	134	191	177
985	904	229	235	236
986	-1	34	36	38
987	-1	150	207	190
988	906	92	123	113
989	909	104	171	155
990	827	148	209	193
991	586	28	39	34
992	-1	113	174	157
993	992	107	168	151
994	0	254	254	254
995	-1	170	185	198
996	-1	19	26	34
997	-1	120	146	214
998	-1	81	98	181
999	836	23	27	40
1000	-1	70	68	73
1001	518	21	20	24
1002	518	34	38	41
1003	518	36	43	46
1004	518	19	28	31
1005	518	22	32	35
1006	-1	53	62	66
1007	518	22	31	35
1008	518	25	34	36
1009	518	25	32	35
1010	0	253	254	254
1011	606	38	33	18
1012	-1	78	117	122
1013	364	150	218	223
1014	364	139	206	211
1015	610	9	28	31
1016	611	98	89	57
1017	451	126	213	219
1018	-1	18	37	46
1019	451	160	218	223
1020	451	136	219	226
1021	451	134	217	224
1022	451	139	220	228
1023	451	133	219	229
1024	-1	17	36	40
1025	-1	97	54	18
1026	943	170	112	61
1027	943	161	102	50
1028	943	162	104	53
1029	943	169	109	60
1030	543	81	44	22
1031	543	31	19	15
1032	871	177	151	175
1033	871	212	186	214
1034	629	47	30	45
1035	-1	138	201	207
1036	794	253	254	254
1037	794	255	255	255
1038	794	255	255	255
1039	794	255	255	255
1040	794	255	255	255
1041	794	255	255	255
1042	794	255	255	255
1043	794	255	255	255
1044	794	255	255	255
1045	794	252	253	254
1046	-1	21	33	73
1047	0	245	248	253
1048	0	255	254	255
1049	0	255	255	255
1050	0	255	255	255
1051	0	255	255	255
1052	0	255	255	255
1053	0	255	255	255
1054	0	255	255	254
1055	813	195	139	75
1056	813	186	132	69
1057	977	66	35	14
1058	977	47	38	29
1059	-1	155	210	201
1060	-1	120	177	165
1061	-1	204	223	214
1062	-1	101	148	136
1063	823	146	206	193
1064	-1	90	143	130
1065	823	161	220	206
1066	823	125	175	163
1067	904	229	233	234
1068	986	23	24	26
1069	987	163	214	200
1070	987	151	217	201
1071	909	101	165	149
1072	827	141	204	187
1073	827	136	198	182
1074	827	159	219	203
1075	0	253	254	254
1076	-1	136	165	236
1077	-1	80	106	169
1078	1077	91	119	197
1079	997	139	163	242
1080	836	21	26	50
1081	836	25	34	37
1082	836	28	34	38
1083	836	26	34	37
1084	836	34	42	45
1085	836	19	29	32
1086	836	16	27	30
1087	836	37	45	49
1088	836	19	28	31
1089	836	24	33	37
1090	836	27	38	40
1091	0	254	254	254
1092	-1	106	101	75
1093	606	12	38	46
1094	364	146	217	225
1095	364	148	217	220
1096	610	13	32	39
1097	610	32	22	12
1098	451	123	190	196
1099	451	147	221	227
1100	451	131	213	221
1101	451	135	218	223
1102	451	140	218	224
1103	451	137	218	224
1104	451	128	223	231
1105	-1	174	120	73
1106	-1	139	89	44
1107	1106	166	109	59
1108	1106	177	120	65
1109	1106	174	115	65
1110	1106	167	112	62
1111	1106	155	98	48
1112	1106	154	105	65
1113	-1	116	90	116
1114	871	154	130	155
1115	871	156	132	150
1116	1035	140	204	210
1117	794	253	254	254
1118	794	255	255	255
1119	794	255	255	255
1120	794	255	255	255
1121	794	255	255	255
1122	794	255	255	255
1123	794	254	254	254
1124	794	255	255	255
1125	794	255	255	255
1126	794	253	253	254
1127	1046	24	39	76
1128	0	253	254	254
1129	0	255	255	255
1130	0	255	255	255
1131	0	255	255	255
1132	0	255	255	255
1133	0	255	255	255
1134	0	255	255	255
1135	0	255	255	255
1136	813	195	139	74
1137	813	191	133	67
1138	-1	88	63	40
1139	977	44	42	35
1140	-1	95	140	130
1141	-1	35	62	55
1142	-1	150	208	198
1143	1142	160	215	203
1144	1062	110	169	157
1145	823	149	209	196
1146	823	124	185	172
1147	823	145	210	197
1148	823	129	180	169
1149	904	221	230	226
1150	986	25	32	31
1151	987	132	196	182
1152	987	140	202	186
1153	909	93	152	136
1154	-1	24	43	34
1155	1154	31	48	45
1156	0	253	254	254
1157	1076	112	142	218
1158	1076	104	133	209
1159	1077	72	96	182
1160	1077	94	120	201
1161	836	22	27	54
1162	836	16	26	30
1163	836	23	33	36
1164	836	22	33	36
1165	-1	91	117	119
1166	836	20	38	42
1167	836	7	38	40
1168	836	16	36	38
1169	836	21	40	44
1170	-1	85	105	109
1171	836	11	29	32
1172	0	252	253	253
1173	1092	83	87	65
1174	-1	117	174	181
1175	364	147	212	220
1176	-1	94	130	135
1177	610	7	30	39
1178	610	34	22	15
1179	610	40	19	12
1180	-1	155	102	59
1181	1180	160	103	53
1182	1180	166	108	58
1183	-1	46	38	34
1184	-1	160	103	61
1185	1184	172	117	69
1186	1184	168	110	59
1187	1184	157	101	54
1188	1184	172	115	62
1189	1184	168	108	55
1190	1184	170	111	59
1191	1184	161	102	52
1192	1184	163	108	59
1193	-1	75	34	10
1194	1193	47	27	18
1195	1113	126	100	124
1196	-1	28	19	32
1197	-1	98	81	98
1198	794	251	253	253
1199	794	254	254	254
1200	794	255	255	255
1201	794	255	255	255
1202	794	255	255	255
1203	794	255	255	255
1204	794	252	252	252
1205	794	255	255	255
1206	794	255	255	255
1207	794	251	253	254
1208	-1	110	135	196
1209	0	253	253	254
1210	0	255	255	255
1211	0	255	255	255
1212	0	255	255	255
1213	0	255	255	255
1214	0	255	255	255
1215	0	255	255	255
1216	0	255	255	255
1217	-1	76	45	15
1218	813	204	146	81
1219	977	46	34	26
1220	977	38	41	37
1221	-1	155	210	196
1222	1141	27	39	33
1223	-1	109	168	155
1224	-1	29	52	44
1225	823	155	202	192
1226	823	154	215	202
1227	-1	62	105	95
1228	-1	42	63	58
1229	823	152	216	202
1230	823	140	197	183
1231	823	156	217	201
1232	823	148	208	192
1233	823	148	214	197
1234	987	119	185	169
1235	-1	162	229	213
1236	-1	118	181	164
1237	0	253	254	254
1238	-1	41	60	111
1239	-1	134	169	237
1240	1239	132	158	238
1241	836	21	25	52
1242	836	16	26	31
1243	836	33	58	62
1244	-1	105	132	135
1245	836	15	37	41
1246	-1	178	207	210
1247	-1	129	154	158
1248	-1	194	226	229
1249	-1	159	213	204
1250	-1	106	132	134
1251	-1	135	199	191
1252	-1	180	202	206
1253	0	252	253	254
1254	1092	92	95	71
1255	364	131	223	227
1256	-1	69	106	115
1257	364	133	207	223
1258	364	135	211	218
1259	-1	72	45	21
1260	610	39	21	10
1261	1180	138	87	53
1262	1180	153	97	55
1263	1180	161	103	60
1264	1183	52	42	52
1265	-1	164	171	201
1266	-1	199	209	238
1267	-1	143	152	179
1268	-1	197	204	232
1269	1184	180	126	80
1270	1184	167	109	58
1271	1184	166	108	57
1272	1184	185	127	78
1273	1184	161	108	69
1274	1184	158	105	55
1275	1184	157	105	60
1276	-1	199	173	196
1277	-1	173	148	169
1278	1196	35	28	37
1279	-1	201	200	208
1280	794	253	254	254
1281	794	254	254	254
1282	794	253	254	254
1283	794	253	253	253
1284	794	253	253	253
1285	-1	75	82	90
1286	794	253	254	254
1287	794	254	254	254
1288	794	254	254	254
1289	794	248	249	251
1290	794	250	250	251
1291	794	254	254	254
1292	794	255	255	255
1293	794	255	255	255
1294	794	255	255	255
1295	794	255	255	255
1296	0	255	255	255
1297	0	254	254	254
1298	1217	101	65	23
1299	813	190	126	60
1300	977	56	36	22
1301	977	40	35	36
1302	977	33	41	35
1303	977	28	38	31
1304	1223	112	164	149
1305	1224	28	42	35
1306	1224	15	38	30
1307	823	125	187	173
1308	823	161	221	209
1309	-1	112	174	161
1310	1309	117	180	163
1311	-1	68	123	110
1312	-1	111	174	157
1313	-1	77	130	115
1314	987	134	194	179
1315	987	104	160	146
1316	-1	26	46	37
1317	1236	131	183	166
1318	0	253	254	254
1319	-1	18	31	43
1320	-1	86	120	192
1321	1239	121	147	225
1322	-1	64	91	107
1323	-1	121	152	158
1324	-1	177	223	227
1325	1324	157	219	224
1326	836	8	38	42
1327	1246	168	229	233
1328	1246	183	226	229
1329	1247	109	167	158
1330	-1	65	99	102
1331	-1	17	68	56
1332	1250	83	144	131
1333	1251	138	202	189
1334	0	253	254	253
1335	-1	176	121	66
1336	-1	22	19	14
1337	1336	43	37	26
1338	1336	58	38	19
1339	-1	18	28	25
1340	-1	165	108	51
1341	610	53	30	12
1342	610	50	26	12
1343	610	61	33	20
1344	-1	167	173	209
1345	-1	141	140	169
1346	1266	207	212	238
1347	-1	36	30	40
1348	1268	198	208	235
1349	-1	170	177	204
1350	1268	200	211	234
1351	-1	41	30	25
1352	1184	169	107	55
1353	1184	148	88	38
1354	1184	171	114	68
1355	1184	156	100	49
1356	1184	133	82	40
1357	-1	39	22	19
1358	1277	188	164	186
1359	-1	127	104	124
1360	-1	127	213	224
1361	-1	43	55	71
1362	-1	180	170	178
1363	-1	82	82	180
1364	-1	18	24	28
1365	1364	13	18	21
1366	-1	127	166	220
1367	-1	29	41	61
1368	-1	132	167	224
1369	794	253	253	253
1370	794	254	254	254
1371	-1	19	21	35
1372	794	254	255	254
1373	794	255	255	255
1374	794	255	255	255
1375	794	255	255	255
1376	794	255	255	255
1377	0	255	255	255
1378	0	254	254	254
1379	813	195	140	83
1380	813	196	138	73
1381	977	68	40	17
1382	977	22	17	18
1383	977	32	37	33
1384	-1	155	208	194
1385	1384	171	221	208
1386	-1	92	124	117
1387	-1	208	232	227
1388	823	128	192	179
1389	823	151	221	209
1390	823	152	219	207
1391	823	161	225	213
1392	1312	128	196	183
1393	1312	147	219	202
1394	987	117	187	171
1395	987	143	212	197
1396	1316	26	50	41
1397	-1	162	222	208
1398	1236	118	183	165
1399	0	252	253	254
1400	1320	98	138	208
1401	1239	142	171	238
1402	1320	78	106	181
1403	-1	13	31	55
1404	1324	158	214	223
1405	-1	87	130	135
1406	836	19	36	41
1407	-1	48	91	96
1408	-1	114	161	166
1409	-1	142	216	203
1410	1409	155	222	207
1411	-1	131	198	183
1412	-1	106	171	157
1413	1251	148	212	198
1414	1251	142	211	198
1415	0	254	254	254
1416	1336	33	25	17
1417	1335	190	136	76
1418	1336	45	25	13
1419	-1	161	114	73
1420	1419	169	121	72
1421	610	72	41	15
1422	1340	162	116	72
1423	610	43	27	18
1424	-1	201	204	237
1425	1345	152	156	191
1426	1266	194	194	233
1427	1266	185	186	225
1428	1266	183	188	221
1429	1266	201	207	235
1430	-1	138	144	170
1431	1430	154	162	185
1432	1268	192	199	222
1433	1184	163	113	71
1434	1184	175	119	72
1435	1184	158	106	64
1436	-1	74	35	12
1437	1184	169	111	63
1438	1357	37	20	22
1439	-1	211	185	210
1440	1439	189	163	187
1441	1359	131	105	130
1442	1359	102	93	130
1443	-1	25	16	30
1444	1443	15	19	36
1445	1443	16	23	29
1446	1443	16	25	31
1447	-1	76	114	178
1448	1447	80	115	192
1449	1368	119	153	234
1450	794	254	254	254
1451	794	255	255	255
1452	794	253	253	253
1453	794	255	254	255
1454	794	255	255	255
1455	794	255	255	255
1456	794	255	255	255
1457	794	255	255	255
1458	0	255	255	255
1459	0	254	254	254
1460	-1	86	55	23
1461	813	190	138	81
1462	813	184	134	80
1463	977	43	35	35
1464	977	20	23	25
1465	977	25	35	29
1466	1384	144	194	182
1467	1384	141	203	189
1468	1384	124	182	169
1469	823	159	226	213
1470	823	127	203	187
1471	823	139	207	193
1472	-1	29	47	39
1473	1312	145	211	199
1474	1312	130	200	184
1475	-1	100	158	142
1476	987	148	215	199
1477	987	130	198	182
1478	1397	160	225	208
1479	1236	117	178	163
1480	0	254	254	254
1481	1239	138	175	239
1482	1320	89	122	187
1483	1239	138	169	239
1484	1320	86	114	193
1485	1403	19	31	39
1486	1403	24	31	31
1487	1403	20	32	33
1488	-1	82	122	116
1489	-1	20	44	40
1490	1408	98	172	159
1491	1408	125	190	176
1492	1409	158	228	217
1493	1409	149	221	207
1494	1409	127	201	189
1495	1409	119	187	175
1496	0	253	254	254
1497	-1	223	211	197
1498	1335	189	138	79
1499	1335	177	125	66
1500	1336	47	27	12
1501	1336	57	31	15
1502	1340	181	127	72
1503	1340	178	134	82
1504	1424	202	214	236
1505	1345	161	168	192
1506	-1	62	66	87
1507	1266	192	199	226
1508	-1	135	137	166
1509	-1	28	31	44
1510	1266	191	199	227
1511	-1	32	36	52
1512	1268	199	206	230
1513	-1	18	18	28
1514	-1	88	52	25
1515	1184	183	129	85
1516	1184	184	126	81
1517	1184	161	106	61
1518	1184	167	114	71
1519	-1	125	102	125
1520	1519	138	112	137
1521	1439	212	184	210
1522	-1	144	216	224
1523	1443	45	31	48
1524	1443	31	24	41
1525	1443	14	15	46
1526	1443	13	19	29
1527	1443	17	23	36
1528	-1	131	166	230
1529	1447	80	116	190
1530	-1	60	89	164
1531	794	254	254	254
1532	794	255	255	255
1533	794	254	254	254
1534	794	255	255	255
1535	794	255	255	255
1536	794	255	255	255
1537	794	255	255	255
1538	794	255	255	255
1539	0	255	255	255
1540	0	254	254	254
1541	1460	111	70	31
1542	813	189	134	78
1543	813	191	137	78
1544	977	56	35	18
1545	977	25	22	24
1546	-1	63	75	72
1547	977	22	37	30
1548	-1	174	222	210
1549	-1	87	124	114
1550	-1	23	43	39
1551	823	137	201	187
1552	823	148	216	201
1553	823	134	205	190
1554	823	137	199	183
1555	823	153	216	199
1556	-1	20	38	30
1557	987	145	206	192
1558	987	133	204	188
1559	987	150	206	192
1560	-1	12	27	23
1561	0	253	254	254
1562	1320	94	131	199
1563	1320	100	135	204
1564	1320	107	134	215
1565	-1	47	64	135
1566	1403	22	30	29
1567	-1	80	110	103
1568	-1	145	192	181
1569	1568	150	209	198
1570	1408	130	180	173
1571	1408	143	202	193
1572	-1	68	106	100
1573	1408	111	185	175
1574	-1	64	98	91
1575	-1	22	36	33
1576	1409	146	215	204
1577	0	254	254	254
1578	-1	175	158	136
1579	1497	238	223	202
1580	1335	188	132	69
1581	1336	71	43	20
1582	1340	181	128	80
1583	1340	185	131	70
1584	-1	34	30	33
1585	1345	156	165	192
1586	1424	197	205	231
1587	-1	22	24	40
1588	1266	202	209	230
1589	1266	174	181	209
1590	1266	201	202	231
1591	-1	129	133	156
1592	1268	188	194	221
1593	-1	133	134	154
1594	-1	105	107	124
1595	1184	164	120	81
1596	1184	171	115	69
1597	1184	169	114	72
1598	-1	44	22	27
1599	-1	220	194	222
1600	-1	170	143	171
1601	-1	39	24	38
1602	1519	146	119	147
1603	1519	146	122	143
1604	1443	28	28	56
1605	1443	27	17	26
1606	-1	74	74	189
1607	1443	14	15	37
1608	1443	19	25	35
1609	1528	125	163	232
1610	1528	132	166	241
1611	1528	111	144	223
1612	794	254	254	254
1613	794	254	254	254
1614	-1	15	14	14
1615	794	254	254	254
1616	794	255	255	255
1617	794	255	255	255
1618	794	255	255	255
1619	794	255	255	255
1620	0	255	255	255
1621	0	254	254	254
1622	-1	43	30	21
1623	1460	127	90	57
1624	813	193	149	111
1625	-1	251	249	247
1626	1625	252	252	252
1627	977	24	27	27
1628	977	24	30	29
1629	977	32	43	38
1630	-1	141	203	189
1631	1550	27	42	37
1632	1550	21	32	29
1633	823	163	208	197
1634	-1	15	34	28
1635	-1	54	80	73
1636	-1	112	171	156
1637	1636	139	184	169
1638	1636	132	191	176
1639	-1	217	242	235
1640	1560	30	42	37
1641	-1	79	112	102
1642	0	254	254	254
1643	-1	64	94	156
1644	1643	80	111	182
1645	-1	133	162	235
1646	1403	20	25	46
1647	1567	76	94	98
1648	1403	13	29	25
1649	1403	29	54	47
1650	1568	168	220	208
1651	1408	104	171	157
1652	1408	143	208	195
1653	1408	138	196	185
1654	-1	16	31	28
1655	1654	18	29	26
1656	-1	113	185	174
1657	1656	134	205	193
1658	0	253	254	254
1659	-1	31	25	17
1660	1497	221	203	178
1661	1336	50	30	18
1662	1340	182	130	76
1663	1336	57	34	19
1664	-1	207	214	234
1665	1345	161	169	193
1666	1424	197	206	232
1667	1424	202	210	236
1668	1424	185	192	219
1669	-1	116	122	143
1670	-1	15	29	28
1671	1266	195	203	227
1672	-1	21	22	37
1673	1672	21	22	36
1674	1268	197	202	223
1675	-1	28	27	37
1676	-1	100	59	33
1677	1184	184	133	94
1678	-1	201	174	208
1679	-1	159	130	170
1680	-1	111	86	116
1681	1680	117	93	117
1682	-1	202	176	203
1683	1519	166	137	168
1684	1519	134	104	135
1685	-1	94	83	129
1686	-1	189	177	189
1687	1443	22	23	56
1688	1443	11	16	32
1689	1443	18	24	37
1690	-1	80	118	189
1691	1528	129	163	235
1692	-1	85	98	193
1693	794	254	254	254
1694	794	254	254	254
1695	-1	138	138	138
1696	794	252	252	252
1697	794	255	255	255
1698	794	255	255	255
1699	794	255	255	255
1700	794	255	255	255
1701	0	255	255	255
1702	0	254	254	254
1703	1622	32	26	28
1704	1622	69	40	18
1705	1625	253	253	253
1706	1625	255	255	255
1707	1625	253	253	253
1708	977	30	26	30
1709	-1	159	186	178
1710	977	27	34	31
1711	977	21	41	33
1712	1630	152	207	195
1713	1550	20	29	27
1714	-1	90	126	117
1715	1634	24	38	33
1716	-1	141	202	189
1717	1716	154	201	189
1718	-1	245	247	245
1719	1718	253	253	253
1720	1718	254	254	254
1721	1718	250	253	253
1722	-1	123	183	170
1723	0	254	254	254
1724	-1	128	163	228
1725	1724	141	170	234
1726	1643	97	120	190
1727	1403	22	29	52
1728	1403	20	26	29
1729	-1	145	181	173
1730	1568	187	226	227
1731	1408	134	182	173
1732	-1	20	34	31
1733	1408	103	147	139
1734	1408	161	210	201
1735	1654	23	31	29
1736	1656	120	183	170
1737	1656	150	221	209
1738	-1	26	45	42
1739	0	254	254	254
1740	-1	179	132	82
1741	1336	56	37	20
1742	-1	241	227	209
1743	-1	188	171	147
1744	1340	171	120	66
1745	1664	186	192	218
1746	1345	150	162	188
1747	1424	202	214	238
1748	1424	179	189	214
1749	1424	183	193	220
1750	1669	107	128	128
1751	-1	57	93	86
1752	1266	196	211	229
1753	-1	152	157	181
1754	-1	54	56	74
1755	1268	216	218	236
1756	1675	24	20	25
1757	-1	164	110	66
1758	1757	166	115	76
1759	1678	223	195	228
1760	1678	196	168	207
1761	-1	51	24	32
1762	-1	155	130	159
1763	-1	157	105	68
1764	1519	145	116	145
1765	-1	216	187	218
1766	-1	169	149	166
1767	1443	30	22	38
1768	1443	12	13	39
1769	1443	13	18	38
1770	1443	19	25	38
1771	1528	125	160	229
1772	1692	86	92	203
1773	-1	24	31	76
1774	794	254	254	254
1775	794	254	254	254
1776	-1	6	6	6
1777	794	254	254	254
1778	794	255	255	255
1779	794	255	255	255
1780	794	254	254	254
1781	794	254	254	254
1782	0	255	255	255
1783	0	254	254	254
1784	1622	36	31	35
1785	1622	36	28	27
1786	1625	253	252	253
1787	1625	255	255	255
1788	1625	255	255	255
1789	1625	252	253	253
1790	-1	91	115	108
1791	1709	153	205	193
1792	1709	174	223	211
1793	-1	91	132	122
1794	1550	24	33	30
1795	-1	152	206	193
1796	1714	96	133	124
1797	1716	153	201	193
1798	-1	33	32	21
1799	1718	252	250	248
1800	1718	254	255	255
1801	1718	255	255	255
1802	1718	254	254	254
1803	1722	138	206	196
1804	0	254	254	254
1805	-1	92	120	193
1806	1724	142	170	239
1807	1724	138	162	236
1808	-1	74	88	134
1809	1403	19	24	36
1810	-1	105	143	135
1811	-1	22	41	35
1812	1568	200	230	229
1813	1568	188	217	214
1814	1732	21	37	35
1815	1732	18	26	24
1816	1656	127	201	192
1817	1656	157	225	213
1818	1656	111	181	169
1819	1656	131	200	189
1820	0	253	254	254
1821	1740	185	140	88
1822	1336	41	29	20
1823	1336	65	47	30
1824	1340	185	136	82
1825	-1	143	192	182
1826	-1	84	121	116
1827	1424	195	207	226
1828	1424	182	191	217
1829	-1	82	88	108
1830	1424	188	198	222
1831	1424	187	201	216
1832	-1	136	185	176
1833	1753	168	186	199
1834	1266	204	209	234
1835	1266	205	212	236
1836	1266	186	191	217
1837	1266	186	190	218
1838	1757	169	117	77
1839	1757	172	120	80
1840	-1	134	107	142
1841	-1	167	138	170
1842	-1	127	99	135
1843	1763	156	107	72
1844	1763	167	115	74
1845	-1	41	20	24
1846	1765	206	177	203
1847	-1	88	73	173
1848	1847	80	78	196
1849	1443	15	16	45
1850	1443	12	14	34
1851	1443	17	20	36
1852	-1	17	27	83
1853	1852	21	23	67
1854	-1	82	74	162
1855	794	254	253	253
1856	794	255	255	255
1857	794	254	254	254
1858	794	255	255	255
1859	794	255	255	255
1860	794	254	254	254
1861	-1	56	55	54
1862	794	255	255	255
1863	0	255	255	255
1864	0	254	254	254
1865	1622	34	28	33
1866	1622	37	32	34
1867	1625	254	254	254
1868	1625	255	255	255
1869	1625	254	254	254
1870	-1	42	41	30
1871	1870	25	29	22
1872	1870	32	54	47
1873	-1	118	166	154
1874	-1	80	99	91
1875	1550	24	29	24
1876	1550	21	25	22
1877	1550	37	31	24
1878	-1	198	144	83
1879	1878	176	127	78
1880	1718	254	254	254
1881	1718	255	255	255
1882	1718	255	255	255
1883	1718	253	254	254
1884	-1	27	38	36
1885	0	254	254	254
1886	-1	13	20	28
1887	1805	84	112	185
1888	1805	91	117	191
1889	1724	126	150	219
1890	-1	199	227	230
1891	-1	163	212	205
1892	1811	19	29	29
1893	1568	182	219	215
1894	1732	17	25	25
1895	-1	90	119	114
1896	1895	77	123	115
1897	1656	142	203	192
1898	1656	111	184	176
1899	-1	76	104	99
1900	1656	148	198	190
1901	0	254	254	254
1902	1336	30	23	16
1903	-1	253	253	251
1904	-1	209	197	179
1905	1336	36	25	17
1906	1340	186	132	74
1907	-1	26	37	30
1908	1907	17	29	29
1909	1424	201	210	230
1910	-1	19	21	28
1911	1829	99	98	130
1912	-1	23	26	45
1913	1753	137	189	176
1914	-1	16	21	30
1915	1914	28	32	49
1916	-1	147	154	177
1917	1266	194	201	229
1918	1266	198	201	224
1919	1757	167	114	70
1920	-1	26	21	29
1921	-1	74	38	21
1922	-1	157	107	69
1923	1922	166	112	70
1924	1922	165	112	74
1925	-1	134	81	44
1926	1845	56	29	22
1927	-1	142	114	140
1928	-1	84	72	132
1929	1443	39	25	66
1930	1443	13	14	38
1931	1443	12	14	37
1932	1443	15	16	43
1933	-1	84	91	201
1934	1854	74	69	159
1935	1854	87	79	167
1936	794	253	253	253
1937	794	254	254	254
1938	-1	35	36	36
1939	794	254	254	254
1940	794	255	255	255
1941	794	255	255	255
1942	794	253	253	253
1943	794	254	255	255
1944	0	255	255	255
1945	0	254	254	254
1946	-1	78	73	76
1947	1622	26	21	24
1948	1625	253	252	252
1949	1625	255	255	255
1950	1625	254	254	254
1951	-1	187	137	84
1952	1951	189	136	73
1953	1870	45	30	19
1954	1870	18	29	24
1955	-1	81	59	34
1956	-1	150	198	185
1957	1550	69	49	31
1958	1878	183	130	70
1959	1878	189	134	71
1960	1878	184	136	81
1961	1718	251	252	252
1962	1718	255	255	255
1963	1718	255	255	255
1964	1718	254	254	254
1965	-1	122	188	174
1966	0	254	254	254
1967	-1	128	157	226
1968	1967	130	156	222
1969	1805	83	110	179
1970	1724	144	169	239
1971	1890	194	226	234
1972	1890	192	226	227
1973	1890	188	219	218
1974	1732	28	52	45
1975	-1	133	176	166
1976	1975	127	185	173
1977	-1	20	55	49
1978	1656	147	207	198
1979	1656	141	208	199
1980	-1	19	32	30
1981	1980	23	31	31
1982	0	253	254	254
1983	1336	17	17	18
1984	1903	252	253	252
1985	1336	42	29	19
1986	-1	140	129	114
1987	1340	187	133	73
1988	-1	143	209	197
1989	1907	19	38	29
1990	-1	149	169	176
1991	1910	21	28	27
1992	-1	36	63	55
1993	1753	149	205	193
1994	-1	103	168	155
1995	-1	86	94	115
1996	-1	203	211	232
1997	1916	151	157	180
1998	1916	129	135	162
1999	-1	81	85	106
2000	-1	129	134	155
2001	1757	171	119	78
2002	1757	171	115	73
2003	1757	170	117	74
2004	1757	165	111	65
2005	-1	87	45	19
2006	1922	169	112	68
2007	1922	160	109	69
2008	-1	182	156	178
2009	-1	21	14	31
2010	2009	16	9	36
2011	2009	15	16	42
2012	2009	13	15	43
2013	1933	77	76	196
2014	1854	67	62	143
2015	1854	80	75	164
2016	-1	54	47	116
2017	794	254	254	254
2018	794	255	255	255
2019	794	254	254	254
2020	794	255	255	255
2021	794	255	255	255
2022	794	254	254	254
2023	-1	109	109	108
2024	794	255	255	255
2025	0	255	255	255
2026	0	254	254	254
2027	1622	31	25	30
2028	1622	31	27	27
2029	1625	252	252	252
2030	1625	252	252	252
2031	1625	253	253	253
2032	-1	75	47	23
2033	2032	87	51	19
2034	1951	180	127	71
2035	1951	186	134	75
2036	1955	104	67	27
2037	-1	191	141	87
2038	2037	190	137	75
2039	2037	192	139	80
2040	2037	167	125	83
2041	-1	113	73	35
2042	-1	70	43	21
2043	1718	253	253	253
2044	1718	253	254	254
2045	1718	252	254	254
2046	1965	131	197	184
2047	0	253	254	254
2048	-1	95	119	187
2049	2048	94	120	181
2050	1724	135	162	223
2051	1724	118	146	215
2052	1890	175	221	218
2053	1890	199	229	231
2054	-1	88	114	114
2055	1890	193	227	226
2056	1975	131	166	159
2057	-1	150	212	200
2058	1975	107	159	152
2059	-1	65	108	103
2060	1980	21	29	28
2061	1656	162	214	207
2062	-1	120	166	160
2063	0	253	254	254
2064	0	252	252	252
2065	0	255	255	255
2066	0	254	254	254
2067	-1	221	206	186
2068	1340	184	134	82
2069	-1	102	71	40
2070	-1	90	155	142
2071	-1	81	116	107
2072	1990	149	200	186
2073	-1	113	175	161
2074	1753	154	221	206
2075	1753	155	217	205
2076	1753	146	193	185
2077	-1	22	19	39
2078	1996	202	208	233
2079	1996	186	194	221
2080	1996	202	208	229
2081	-1	29	32	47
2082	1757	153	110	76
2083	-1	227	216	215
2084	2083	221	217	212
2085	-1	41	29	21
2086	1922	164	113	71
2087	1922	160	107	65
2088	1922	149	110	90
2089	-1	63	33	20
2090	2009	19	11	31
2091	-1	75	74	187
2092	2009	13	14	42
2093	1933	79	79	195
2094	1854	72	66	156
2095	1854	77	69	158
2096	1854	79	71	155
2097	1854	86	75	154
2098	794	253	253	253
2099	794	254	254	254
2100	-1	66	68	69
2101	794	254	254	254
2102	794	255	255	255
2103	794	254	254	254
2104	794	253	252	252
2105	794	255	255	255
2106	0	255	255	255
2107	0	254	254	254
2108	1622	36	31	34
2109	1622	22	18	19
2110	1622	22	19	22
2111	1622	26	23	25
2112	-1	73	68	69
2113	-1	34	24	21
2114	1951	153	122	94
2115	1951	167	123	82
2116	1951	157	116	76
2117	-1	63	32	10
2118	2117	61	30	9
2119	-1	101	64	32
2120	2037	180	137	95
2121	-1	75	42	14
2122	2037	157	120	86
2123	2042	66	36	14
2124	2042	68	51	38
2125	-1	141	208	200
2126	-1	21	29	27
2127	1965	122	189	177
2128	0	254	254	254
2129	-1	22	26	39
2130	1724	136	165	230
2131	1724	142	166	230
2132	-1	60	82	137
2133	1890	177	225	226
2134	-1	116	173	160
2135	1890	192	222	223
2136	1890	193	226	225
2137	-1	32	45	46
2138	2137	20	33	29
2139	2137	23	30	29
2140	2137	22	30	28
2141	2137	27	33	32
2142	2137	26	34	33
2143	2137	24	31	31
2144	0	253	254	254
2145	0	254	254	254
2146	0	255	255	255
2147	0	252	252	250
2148	-1	166	147	125
2149	1340	188	133	73
2150	1340	184	136	80
2151	-1	44	65	49
2152	1990	141	199	186
2153	1990	120	185	168
2154	1990	118	191	175
2155	1990	110	179	164
2156	1753	151	204	193
2157	2077	15	36	31
2158	2077	24	24	36
2159	-1	154	160	184
2160	1996	196	208	235
2161	1996	188	199	229
2162	2081	25	23	32
2163	2081	26	22	28
2164	-1	175	161	158
2165	2164	182	165	151
2166	2085	33	25	18
2167	2085	27	19	15
2168	2085	34	25	19
2169	2085	19	15	14
2170	2085	20	15	16
2171	2085	16	9	31
2172	2091	75	75	182
2173	2009	17	17	52
2174	1854	78	74	191
2175	1854	70	64	157
2176	1854	72	66	155
2177	1854	75	67	152
2178	1854	81	71	149
2179	794	253	253	254
2180	794	254	254	254
2181	2100	62	62	62
2182	794	254	254	254
2183	794	255	255	255
2184	794	255	255	255
2185	794	253	253	253
2186	794	255	255	255
2187	0	255	255	255
2188	0	255	254	255
2189	0	254	254	254
2190	0	254	254	254
2191	0	254	254	254
2192	0	254	254	254
2193	0	254	254	254
2194	0	254	254	254
2195	0	254	254	254
2196	0	254	254	254
2197	0	254	254	254
2198	0	254	254	254
2199	0	254	254	254
2200	0	254	254	254
2201	0	254	254	254
2202	0	254	254	254
2203	0	254	254	254
2204	0	254	254	254
2205	0	254	254	254
2206	0	254	254	254
2207	0	254	254	254
2208	0	253	254	253
2209	0	253	254	254
2210	-1	101	126	185
2211	1724	140	164	222
2212	-1	85	107	162
2213	2212	90	114	184
2214	1890	190	226	232
2215	-1	27	37	41
2216	2215	21	30	30
2217	2215	35	39	42
2218	2215	34	40	40
2219	2215	24	31	30
2220	-1	75	107	102
2221	2137	28	37	35
2222	2137	25	36	34
2223	2137	19	28	26
2224	-1	145	195	189
2225	0	254	254	254
2226	0	254	254	254
2227	0	254	254	254
2228	-1	55	40	25
2229	1340	187	139	85
2230	1340	184	133	78
2231	-1	36	29	20
2232	-1	82	137	125
2233	1990	150	207	194
2234	1990	136	209	196
2235	-1	16	38	34
2236	1753	165	225	215
2237	-1	78	118	110
2238	2077	26	31	38
2239	-1	212	218	232
2240	2239	203	212	236
2241	2159	158	169	197
2242	-1	107	112	137
2243	1996	183	191	217
2244	1996	198	205	230
2245	-1	140	142	162
2246	2085	25	23	30
2247	-1	94	87	85
2248	-1	212	205	196
2249	-1	151	136	119
2250	2085	33	25	19
2251	-1	218	213	209
2252	2085	31	30	35
2253	2091	78	76	204
2254	2009	11	12	51
2255	1854	66	64	162
2256	1854	69	65	163
2257	1854	74	70	162
2258	1854	74	68	156
2259	-1	24	21	38
2260	794	253	253	253
2261	794	252	252	252
2262	794	254	254	254
2263	794	255	255	255
2264	794	255	255	255
2265	794	254	254	254
2266	794	254	254	254
2267	794	255	255	255
2268	0	255	255	255
2269	0	254	254	254
2270	-1	33	31	34
2271	2270	41	36	38
2272	2270	27	23	26
2273	0	252	252	252
2274	-1	79	79	79
2275	0	254	254	254
2276	0	254	254	254
2277	-1	41	40	43
2278	2277	27	22	21
2279	2277	38	25	17
2280	2277	45	28	17
2281	2277	75	49	24
2282	-1	169	130	87
2283	-1	84	50	16
2284	-1	168	125	80
2285	-1	41	20	46
2286	-1	105	69	164
2287	2286	101	68	164
2288	-1	25	16	39
2289	2288	22	20	28
2290	0	254	254	254
2291	0	247	247	247
2292	0	254	254	254
2293	0	252	253	253
2294	-1	121	152	209
2295	1890	184	219	226
2296	-1	102	142	140
2297	2215	31	36	38
2298	-1	127	178	170
2299	2215	34	56	55
2300	2215	20	34	31
2301	2215	20	33	31
2302	-1	149	206	196
2303	-1	110	162	157
2304	2224	146	198	209
2305	-1	56	87	86
2306	0	254	254	254
2307	-1	13	16	17
2308	0	254	254	254
2309	0	253	253	253
2310	-1	140	111	88
2311	1340	179	124	62
2312	2231	50	30	16
2313	2231	30	33	27
2314	1990	141	201	187
2315	1990	127	194	179
2316	-1	66	112	104
2317	-1	126	187	174
2318	2077	21	27	30
2319	-1	137	143	162
2320	2239	202	210	238
2321	2239	189	193	230
2322	2159	154	157	193
2323	1996	202	210	238
2324	-1	22	25	36
2325	2324	17	19	30
2326	2324	26	27	41
2327	2324	21	20	28
2328	2324	23	21	24
2329	-1	198	174	157
2330	2329	216	196	176
2331	2329	218	211	204
2332	2085	50	39	32
2333	2085	13	14	24
2334	-1	72	72	156
2335	2334	71	65	158
2336	2334	71	64	160
2337	2334	69	65	158
2338	2334	72	66	155
2339	2259	18	18	42
2340	2259	19	17	37
2341	2259	26	27	29
2342	2259	21	21	24
2343	794	253	253	253
2344	794	255	255	255
2345	794	255	255	255
2346	794	254	254	254
2347	-1	47	47	47
2348	794	255	255	255
2349	0	255	255	255
2350	0	255	255	255
2351	0	253	253	253
2352	0	251	251	251
2353	2270	61	58	59
2354	0	253	253	253
2355	0	255	255	255
2356	0	255	255	255
2357	0	253	253	253
2358	2277	30	24	23
2359	2277	50	30	14
2360	2277	47	26	14
2361	-1	124	110	84
2362	2282	162	125	85
2363	2283	67	55	31
2364	-1	108	100	70
2365	-1	181	212	216
2366	2286	102	72	149
2367	2286	101	64	165
2368	2288	31	17	57
2369	2288	25	11	45
2370	2288	17	10	30
2371	0	254	254	254
2372	0	253	253	253
2373	0	255	255	255
2374	0	251	252	253
2375	2294	120	141	204
2376	-1	20	29	43
2377	1890	179	216	218
2378	-1	36	58	74
2379	-1	184	226	228
2380	2298	132	188	181
2381	2298	124	189	182
2382	-1	73	107	104
2383	2215	24	34	32
2384	2303	124	180	167
2385	2303	122	168	201
2386	-1	21	38	43
2387	0	253	254	254
2388	2307	8	9	9
2389	0	254	254	254
2390	0	250	250	250
2391	-1	53	30	16
2392	1340	183	134	81
2393	1340	173	122	66
2394	1340	188	138	83
2395	1340	179	135	84
2396	-1	63	55	34
2397	-1	174	155	131
2398	-1	179	207	223
2399	2077	20	21	32
2400	2239	198	207	231
2401	-1	160	168	203
2402	2401	178	179	223
2403	2401	197	203	237
2404	2324	15	17	28
2405	-1	91	95	114
2406	-1	181	188	215
2407	2406	195	200	226
2408	-1	169	155	139
2409	-1	231	214	191
2410	-1	148	125	111
2411	-1	48	34	23
2412	-1	155	139	121
2413	2085	19	16	16
2414	2085	16	18	23
2415	2085	14	14	33
2416	2085	14	12	37
2417	2085	12	13	41
2418	2085	18	17	54
2419	2085	16	16	41
2420	2085	17	15	38
2421	2085	18	16	38
2422	2085	19	18	31
2423	2085	17	17	33
2424	794	254	254	254
2425	794	255	255	255
2426	794	255	255	255
2427	794	254	254	254
2428	794	254	254	254
2429	794	255	255	255
2430	0	255	255	255
2431	0	254	254	254
2432	-1	57	56	56
2433	0	254	254	254
2434	0	253	253	253
2435	0	253	253	253
2436	0	255	255	255
2437	0	255	255	255
2438	0	254	254	254
2439	2277	53	35	23
2440	-1	147	117	82
2441	-1	82	59	29
2442	2277	33	39	28
2443	-1	135	195	181
2444	2443	150	204	192
2445	-1	29	50	42
2446	-1	122	180	172
2447	-1	33	20	55
2448	2447	38	16	67
2449	-1	60	37	98
2450	2288	22	10	34
2451	2288	13	11	26
2452	0	254	254	254
2453	0	247	247	247
2454	0	255	255	255
2455	0	254	254	254
2456	2294	127	157	216
2457	2294	143	166	238
2458	-1	90	115	185
2459	2379	195	225	232
2460	2379	200	232	238
2461	2379	184	212	215
2462	2379	182	226	228
2463	2215	17	27	30
2464	-1	159	202	197
2465	2464	151	211	200
2466	-1	91	139	134
2467	2386	12	28	39
2468	0	252	253	254
2469	0	254	254	254
2470	0	255	255	255
2471	0	252	252	252
2472	2391	49	30	17
2473	1340	167	126	84
2474	1340	198	158	111
2475	-1	101	63	19
2476	1340	180	129	72
2477	-1	39	24	12
2478	-1	227	215	198
2479	-1	139	137	135
2480	2239	176	196	221
2481	-1	48	52	70
2482	2401	199	205	238
2483	-1	87	90	123
2484	2401	192	194	233
2485	2401	203	211	239
2486	2401	191	200	226
2487	-1	138	141	156
2488	2408	179	161	137
2489	-1	122	104	85
2490	-1	48	32	22
2491	2409	213	200	195
2492	2411	26	18	16
2493	2411	30	26	27
2494	2411	21	24	29
2495	2411	16	17	23
2496	-1	70	59	141
2497	2496	71	65	159
2498	2496	65	63	157
2499	2496	70	65	159
2500	2496	72	65	158
2501	2496	67	62	153
2502	2496	73	65	154
2503	2496	76	67	150
2504	2496	75	68	154
2505	794	254	254	254
2506	794	255	255	255
2507	794	255	255	255
2508	794	255	255	255
2509	794	255	255	255
2510	794	255	255	255
2511	0	255	255	255
2512	0	255	255	255
2513	0	252	252	252
2514	0	255	255	255
2515	0	253	253	253
2516	0	255	255	255
2517	0	255	255	255
2518	0	255	255	255
2519	0	254	254	254
2520	2277	65	53	29
2521	2440	170	132	88
2522	-1	144	212	202
2523	2522	144	214	204
2524	2443	106	182	170
2525	2443	140	221	210
2526	-1	86	129	120
2527	-1	152	213	206
2528	-1	103	67	159
2529	2447	32	14	60
2530	-1	98	61	160
2531	2288	22	9	36
2532	2288	19	12	32
2533	0	254	254	254
2534	0	251	251	251
2535	0	255	255	255
2536	0	254	254	254
2537	-1	96	128	205
2538	-1	54	74	120
2539	2294	134	161	235
2540	2458	98	129	197
2541	2379	185	217	226
2542	-1	36	57	62
2543	2215	17	32	33
2544	-1	109	148	144
2545	2544	107	156	148
2546	-1	23	40	37
2547	2546	23	41	45
2548	-1	151	203	199
2549	2386	28	29	32
2550	0	252	252	252
2551	0	253	254	254
2552	0	249	250	250
2553	0	252	252	252
2554	1340	181	127	69
2555	-1	50	33	20
2556	1340	158	118	71
2557	1340	187	137	83
2558	1340	178	127	67
2559	2477	43	33	24
2560	2477	45	36	31
2561	-1	161	114	83
2562	2239	165	183	213
2563	2239	160	175	210
2564	2239	184	192	226
2565	2239	174	183	222
2566	-1	152	160	189
2567	-1	27	27	35
2568	-1	232	220	199
2569	2568	234	217	193
2570	2408	192	172	147
2571	2408	199	178	154
2572	2411	28	22	21
2573	-1	94	85	83
2574	2411	21	16	18
2575	2411	16	13	14
2576	2411	18	16	24
2577	2496	69	62	148
2578	2496	65	62	160
2579	2496	70	66	164
2580	2496	69	65	164
2581	2496	70	66	160
2582	2496	70	65	159
2583	2496	76	67	160
2584	2496	72	65	151
2585	2496	70	65	151
2586	794	254	254	254
2587	794	255	255	255
2588	794	255	255	255
2589	794	255	255	255
2590	794	255	255	255
2591	794	255	255	255
2592	0	255	255	255
2593	0	255	255	255
2594	-1	229	229	229
2595	0	254	254	254
2596	0	255	255	255
2597	0	255	255	255
2598	0	255	255	255
2599	0	255	255	255
2600	0	253	254	253
2601	2440	177	139	92
2602	2522	148	224	212
2603	-1	111	188	176
2604	2522	144	219	207
2605	-1	42	65	60
2606	2443	141	207	196
2607	-1	25	42	39
2608	2527	137	202	194
2609	2528	99	63	158
2610	2528	98	60	160
2611	2447	50	26	89
2612	2288	24	11	35
2613	2288	18	14	28
2614	0	254	254	254
2615	0	252	252	252
2616	0	255	255	255
2617	0	254	254	254
2618	-1	144	172	233
2619	2537	90	118	191
2620	2294	131	163	236
2621	-1	22	34	39
2622	-1	97	121	123
2623	2379	194	225	228
2624	2379	164	213	210
2625	2215	22	39	37
2626	-1	161	213	207
2627	2546	16	33	31
2628	2548	146	203	191
2629	2548	126	186	177
2630	0	253	253	253
2631	0	254	254	254
2632	0	253	254	254
2633	0	254	254	254
2634	0	254	254	255
2635	0	251	252	251
2636	2555	55	33	18
2637	1340	187	134	74
2638	-1	94	56	19
2639	1340	182	127	64
2640	2477	37	21	12
2641	-1	210	194	172
2642	2477	31	19	13
2643	-1	70	46	38
2644	-1	159	104	69
2645	-1	29	28	36
2646	2566	149	160	170
2647	-1	131	146	131
2648	-1	174	182	161
2649	2648	185	178	155
2650	2648	186	169	145
2651	2568	234	216	191
2652	2568	219	214	213
2653	-1	123	110	103
2654	2411	40	29	25
2655	2573	83	66	55
2656	2411	33	22	15
2657	2411	35	25	22
2658	2411	18	16	26
2659	2496	69	63	158
2660	2496	70	67	165
2661	2496	71	65	165
2662	2496	71	64	160
2663	2496	74	68	161
2664	2496	72	65	157
2665	2496	79	68	157
2666	2496	64	54	131
2667	794	254	254	254
2668	794	255	255	255
2669	794	255	255	255
2670	794	255	255	255
2671	794	255	255	255
2672	794	255	255	255
2673	0	255	255	255
2674	0	255	255	255
2675	0	252	251	251
2676	0	255	255	255
2677	0	254	254	254
2678	0	255	255	255
2679	0	255	255	255
2680	0	255	255	255
2681	0	254	254	254
2682	2440	173	135	87
2683	2603	126	194	183
2684	2603	139	217	205
2685	2603	119	191	178
2686	2443	148	214	201
2687	-1	106	175	164
2688	2607	23	40	37
2689	2527	142	203	195
2690	2528	109	77	154
2691	2528	100	60	165
2692	2447	56	28	93
2693	2288	25	12	39
2694	2288	25	17	41
2695	0	254	254	254
2696	0	254	254	254
2697	0	255	255	255
2698	0	254	254	254
2699	2618	141	181	239
2700	2537	87	126	202
2701	2537	77	110	179
2702	2294	142	178	231
2703	2379	189	227	233
2704	2379	173	215	216
2705	2215	18	40	49
2706	-1	117	160	155
2707	2626	187	227	230
2708	-1	120	175	168
2709	-1	79	119	111
2710	2548	109	170	207
2711	0	254	254	254
2712	-1	10	11	20
2713	0	254	254	254
2714	0	255	255	255
2715	0	255	255	255
2716	0	255	255	254
2717	0	253	253	253
2718	1340	183	130	70
2719	2638	87	49	17
2720	1340	184	137	85
2721	1340	154	108	72
2722	2477	35	22	17
2723	2477	33	21	14
2724	2644	151	110	84
2725	2645	62	36	22
2726	2645	38	33	26
2727	-1	157	108	70
2728	-1	193	211	196
2729	2728	185	218	214
2730	2728	180	225	225
2731	2568	223	223	217
2732	2568	226	225	223
2733	-1	78	72	64
2734	-1	201	179	152
2735	-1	173	150	122
2736	-1	224	198	168
2737	-1	162	137	111
2738	2411	35	22	13
2739	2411	33	24	17
2740	2411	21	18	23
2741	2496	70	63	154
2742	2496	73	69	164
2743	2496	71	66	161
2744	2496	70	64	160
2745	2496	73	66	161
2746	2496	70	62	153
2747	2496	73	67	155
2748	794	254	254	254
2749	794	255	255	255
2750	794	255	255	255
2751	794	255	255	255
2752	794	255	255	255
2753	794	255	255	255
2754	0	255	255	255
2755	0	254	254	254
2756	-1	16	15	16
2757	0	252	252	252
2758	0	254	254	254
2759	0	251	251	251
2760	0	252	252	252
2761	0	252	252	251
2762	-1	56	55	33
2763	2603	139	205	194
2764	2603	168	228	216
2765	2603	136	208	195
2766	2603	147	219	204
2767	2687	121	187	174
2768	2443	150	220	209
2769	2607	21	32	28
2770	2607	21	30	28
2771	2607	24	29	32
2772	2607	31	15	52
2773	2528	99	58	165
2774	2447	41	16	79
2775	2288	32	31	32
2776	0	254	254	254
2777	0	254	254	254
2778	0	255	255	255
2779	0	254	254	254
2780	-1	27	42	54
2781	2537	96	131	204
2782	2537	100	137	207
2783	2294	127	185	226
2784	2379	187	226	235
2785	2379	182	220	227
2786	2379	184	223	225
2787	2215	24	42	47
2788	2215	22	39	43
2789	2215	21	34	35
2790	-1	138	201	235
2791	2790	135	196	234
2792	0	253	254	254
2793	0	249	249	250
2794	0	255	255	255
2795	0	255	255	255
2796	0	255	255	255
2797	0	255	255	255
2798	0	254	254	254
2799	1340	176	124	63
2800	1340	179	127	70
2801	2638	84	47	17
2802	2638	61	36	21
2803	2638	43	25	17
2804	-1	184	167	145
2805	2645	35	26	22
2806	-1	253	253	253
2807	2806	244	244	248
2808	2806	253	254	254
2809	2806	253	254	254
2810	-1	166	117	77
2811	-1	31	36	31
2812	2728	176	229	236
2813	2728	212	230	234
2814	2728	227	229	226
2815	2728	229	226	217
2816	2736	229	203	171
2817	2737	169	142	109
2818	-1	89	68	45
2819	-1	194	169	140
2820	2411	40	28	21
2821	2411	23	19	29
2822	2496	82	79	154
2823	2496	68	61	155
2824	2496	70	67	162
2825	2496	70	66	161
2826	2496	69	62	156
2827	2496	75	67	156
2828	2496	66	58	140
2829	794	254	254	254
2830	794	255	255	255
2831	794	255	255	255
2832	794	255	255	255
2833	794	255	255	255
2834	794	255	255	255
2835	0	255	255	255
2836	0	254	254	254
2837	2756	12	11	12
2838	0	253	253	253
2839	0	254	254	254
2840	-1	40	38	40
2841	2840	28	24	26
2842	2840	43	31	26
2843	-1	185	144	96
2844	2603	141	217	205
2845	-1	104	168	157
2846	-1	30	58	52
2847	2846	38	64	56
2848	2443	154	209	196
2849	2443	150	212	198
2850	2443	136	193	183
2851	-1	73	102	96
2852	2607	30	37	33
2853	2607	37	17	57
2854	2528	109	82	150
2855	2528	97	64	150
2856	2288	25	14	35
2857	0	254	254	254
2858	0	254	254	254
2859	0	255	255	255
2860	0	254	254	254
2861	2780	28	42	45
2862	2537	78	114	187
2863	2294	137	170	242
2864	2294	121	179	230
2865	-1	91	152	194
2866	2865	94	157	194
2867	-1	132	199	236
2868	2867	126	194	229
2869	-1	104	157	188
2870	2790	139	200	233
2871	-1	88	150	191
2872	-1	116	169	211
2873	0	252	252	254
2874	0	245	245	245
2875	0	255	255	255
2876	0	255	255	255
2877	0	255	255	255
2878	0	255	255	255
2879	0	254	254	254
2880	1340	160	113	73
2881	1340	165	112	67
2882	-1	173	145	119
2883	-1	226	208	186
2884	-1	138	97	70
2885	2645	32	21	15
2886	-1	218	203	182
2887	2806	254	254	254
2888	2806	255	255	255
2889	2806	255	255	255
2890	2806	253	253	253
2891	2810	168	121	87
2892	2810	161	110	73
2893	2811	41	33	25
2894	2728	174	224	231
2895	2728	199	220	223
2896	-1	180	158	130
2897	2736	228	203	171
2898	2736	229	202	167
2899	2737	162	135	103
2900	2411	57	39	26
2901	2411	34	23	15
2902	2411	41	31	31
2903	2411	27	24	40
2904	2496	72	69	156
2905	2496	67	64	154
2906	2496	64	57	145
2907	2496	67	61	147
2908	2496	67	60	138
2909	2496	65	58	127
2910	794	254	254	254
2911	794	255	255	255
2912	794	255	255	255
2913	794	255	255	255
2914	794	255	255	255
2915	794	255	255	255
2916	0	255	255	255
2917	0	255	255	255
2918	0	253	253	253
2919	0	254	254	254
2920	0	252	252	252
2921	2840	34	28	27
2922	2840	57	31	16
2923	-1	151	108	67
2924	-1	93	67	34
2925	2603	135	206	194
2926	2846	24	33	31
2927	2846	22	30	29
2928	2443	129	194	181
2929	2443	117	172	158
2930	2443	118	183	169
2931	-1	32	51	46
2932	2931	25	35	33
2933	-1	93	52	17
2934	2933	104	61	27
2935	2528	100	60	164
2936	2528	88	53	144
2937	2288	28	14	43
2938	-1	58	58	58
2939	0	254	254	254
2940	0	255	255	255
2941	0	254	254	254
2942	2780	14	26	26
2943	2294	128	170	230
2944	2294	137	193	238
2945	2294	121	188	231
2946	2865	88	160	204
2947	2867	136	200	237
2948	2867	131	198	240
2949	2869	86	158	199
2950	2790	123	195	235
2951	2790	109	177	220
2952	2790	141	200	240
2953	-1	12	13	34
2954	0	253	253	254
2955	-1	9	7	12
2956	0	253	253	253
2957	0	255	255	255
2958	0	255	255	255
2959	0	255	255	255
2960	0	253	253	253
2961	-1	51	29	12
2962	1340	157	106	65
2963	1340	139	100	72
2964	-1	200	180	158
2965	2645	49	32	26
2966	-1	157	137	121
2967	2806	253	251	248
2968	2806	255	255	255
2969	2806	255	255	255
2970	2806	255	255	255
2971	2806	254	254	254
2972	-1	67	35	16
2973	2810	155	105	68
2974	-1	94	122	126
2975	2728	180	225	229
2976	2728	198	221	221
2977	-1	25	33	33
2978	2977	51	33	20
2979	2736	220	192	158
2980	2736	227	199	166
2981	2737	158	131	102
2982	2411	38	29	22
2983	2411	32	23	22
2984	-1	188	163	181
2985	-1	135	209	216
2986	2985	133	215	218
2987	2985	136	216	220
2988	2985	125	222	229
2989	2985	128	222	229
2990	2985	131	223	225
2991	794	252	253	254
2992	794	254	254	254
2993	794	255	255	255
2994	794	255	255	255
2995	794	255	255	255
2996	794	255	255	255
2997	0	255	255	255
2998	0	254	254	254
2999	0	252	252	252
3000	0	253	253	253
3001	2840	41	33	33
3002	2840	51	30	18
3003	-1	94	58	28
3004	3003	107	63	20
3005	-1	182	134	83
3006	2846	41	32	22
3007	2846	30	38	36
3008	2846	26	32	32
3009	2443	134	184	174
3010	-1	167	220	208
3011	2931	33	69	61
3012	2931	25	34	31
3013	-1	137	195	186
3014	-1	163	116	69
3015	3014	181	132	83
3016	-1	195	183	200
3017	2528	99	60	161
3018	2288	33	16	48
3019	0	254	254	254
3020	0	254	254	254
3021	0	255	255	255
3022	0	254	254	254
3023	-1	84	126	189
3024	2294	139	182	236
3025	-1	98	156	202
3026	3025	86	149	194
3027	2867	131	195	239
3028	2867	127	196	238
3029	2869	95	161	204
3030	2869	95	167	204
3031	2790	121	194	233
3032	2790	119	184	224
3033	2790	116	183	223
3034	2790	112	166	212
3035	0	253	253	254
3036	0	251	251	251
3037	0	255	255	255
3038	0	255	255	255
3039	0	255	255	255
3040	0	254	254	254
3041	-1	148	101	61
3042	-1	184	148	110
3043	2961	64	39	23
3044	2961	77	42	20
3045	2961	44	26	17
3046	2964	208	189	169
3047	2964	215	197	176
3048	2806	254	254	254
3049	2806	254	254	254
3050	2806	255	255	255
3051	2806	255	255	255
3052	2806	252	253	253
3053	2810	166	113	73
3054	2974	86	111	114
3055	2728	174	225	229
3056	2728	175	219	222
3057	2977	18	30	32
3058	-1	200	182	158
3059	-1	140	117	92
3060	3059	159	131	98
3061	-1	53	34	18
3062	3061	41	30	20
3063	3061	27	20	23
3064	2984	186	159	191
3065	-1	124	97	128
3066	2985	132	216	224
3067	-1	64	113	118
3068	2985	124	214	218
3069	2985	122	220	225
3070	2985	126	225	230
3071	-1	27	28	29
3072	2985	132	220	223
3073	794	254	254	254
3074	794	255	255	255
3075	794	255	255	255
3076	794	255	255	255
3077	794	255	255	255
3078	0	255	255	255
3079	0	254	254	254
3080	-1	42	37	40
3081	3080	29	24	26
3082	-1	128	124	125
3083	2840	61	36	18
3084	-1	170	129	91
3085	3084	173	124	72
3086	2846	47	29	19
3087	2846	24	28	26
3088	-1	140	184	175
3089	2846	26	35	33
3090	3010	153	196	185
3091	3010	157	209	202
3092	3010	138	198	184
3093	2931	29	36	32
3094	2931	44	47	38
3095	3014	159	119	80
3096	-1	59	32	14
3097	-1	135	93	55
3098	2528	96	57	150
3099	2288	33	24	40
3100	0	254	254	254
3101	0	254	254	254
3102	0	255	255	255
3103	0	254	254	254
3104	2294	140	176	233
3105	3025	90	128	191
3106	2294	139	199	238
3107	3025	94	154	196
3108	2867	137	198	239
3109	2867	110	178	221
3110	-1	32	39	52
3111	2790	138	200	232
3112	2790	130	200	235
3113	2790	96	164	198
3114	2790	141	206	239
3115	2790	132	182	225
3116	0	253	254	254
3117	-1	9	11	24
3118	0	252	252	253
3119	0	252	252	253
3120	0	251	251	252
3121	0	253	253	253
3122	-1	197	189	172
3123	2961	52	32	18
3124	3042	153	138	118
3125	2961	39	25	17
3126	-1	174	153	130
3127	2964	233	214	191
3128	-1	167	128	88
3129	2806	253	253	253
3130	2806	254	255	255
3131	2806	255	255	255
3132	2806	255	255	255
3133	2806	254	254	254
3134	2810	163	110	68
3135	2728	171	222	226
3136	-1	19	27	26
3137	2728	180	223	226
3138	-1	226	227	221
3139	3059	158	134	105
3140	3058	215	183	149
3141	3059	149	120	90
3142	-1	196	168	138
3143	-1	224	219	210
3144	-1	101	97	100
3145	-1	223	220	226
3146	-1	28	27	32
3147	3065	137	112	146
3148	2985	137	219	226
3149	-1	10	30	43
3150	2985	128	218	228
3151	2985	126	225	229
3152	2985	130	224	227
3153	794	247	249	249
3154	794	254	254	254
3155	794	255	255	255
3156	794	255	255	255
3157	794	255	255	255
3158	794	255	255	255
3159	0	255	255	255
3160	0	254	254	254
3161	0	252	252	252
3162	0	253	253	253
3163	0	254	254	254
3164	0	252	252	252
3165	3084	161	124	87
3166	-1	88	51	18
3167	2846	44	34	27
3168	-1	72	84	82
3169	-1	172	206	201
3170	2846	30	45	40
3171	2846	21	49	40
3172	-1	92	138	130
3173	3010	138	187	177
3174	2931	33	42	30
3175	3014	173	128	78
3176	3096	72	41	16
3177	3096	46	27	14
3178	3096	65	37	18
3179	-1	179	135	111
3180	2528	95	56	149
3181	0	254	254	254
3182	0	254	254	254
3183	0	255	255	255
3184	0	253	254	254
3185	-1	26	39	48
3186	3025	84	124	186
3187	3025	114	171	210
3188	3025	120	181	221
3189	3025	119	174	216
3190	-1	96	153	191
3191	2790	120	183	220
3192	-1	216	237	246
3193	2790	132	187	220
3194	2790	123	190	225
3195	2790	111	174	213
3196	-1	88	141	186
3197	0	250	250	251
3198	-1	146	164	210
3199	-1	77	102	168
3200	-1	116	141	211
3201	-1	32	46	84
3202	-1	116	142	209
3203	-1	25	30	50
3204	3203	25	29	45
3205	-1	222	208	188
3206	-1	81	103	156
3207	2964	210	199	185
3208	-1	52	35	26
3209	3208	56	35	19
3210	3208	62	42	25
3211	2806	253	253	253
3212	2806	253	253	253
3213	2806	254	254	254
3214	2806	254	254	254
3215	-1	57	40	25
3216	2728	174	226	232
3217	3136	27	36	41
3218	-1	101	128	130
3219	-1	46	31	19
3220	3058	221	194	160
3221	3059	162	132	100
3222	-1	49	31	19
3223	3222	44	28	18
3224	3144	115	111	108
3225	3145	216	216	216
3226	3146	28	28	29
3227	3065	116	115	118
3228	-1	217	215	228
3229	3228	224	227	233
3230	-1	90	94	99
3231	-1	128	137	139
3232	-1	225	227	228
3233	-1	25	27	27
3234	794	245	246	244
3235	794	254	254	254
3236	794	255	255	255
3237	794	255	255	255
3238	794	255	255	255
3239	794	255	255	255
3240	0	255	255	255
3241	0	255	255	254
3242	0	253	253	253
3243	0	255	255	255
3244	0	255	255	255
3245	0	254	254	253
3246	3084	170	120	64
3247	3084	183	134	78
3248	2846	55	43	35
3249	2846	27	32	31
3250	-1	117	149	145
3251	3169	170	210	203
3252	3169	157	206	197
3253	3169	130	186	178
3254	2931	38	65	56
3255	3010	145	198	185
3256	-1	107	67	31
3257	3096	49	33	22
3258	3096	41	26	16
3259	3096	90	58	33
3260	3179	166	133	132
3261	-1	55	31	32
3262	0	254	254	254
3263	0	254	254	254
3264	0	255	255	255
3265	0	254	254	254
3266	-1	113	146	202
3267	3025	133	185	229
3268	3025	145	201	234
3269	3025	138	195	233
3270	3025	147	205	238
3271	3025	136	194	230
3272	3025	130	183	216
3273	3192	244	249	252
3274	2790	131	186	214
3275	2790	141	203	234
3276	2790	134	197	233
3277	2790	127	174	222
3278	0	246	247	249
3279	-1	114	140	201
3280	-1	16	21	45
3281	3199	64	83	145
3282	-1	76	103	181
3283	3203	19	23	50
3284	3202	104	133	200
3285	3203	20	25	46
3286	3203	17	25	57
3287	-1	132	159	219
3288	3208	41	31	40
3289	-1	158	122	87
3290	-1	214	197	179
3291	-1	181	132	86
3292	-1	147	96	61
3293	-1	38	23	18
3294	-1	160	110	72
3295	2806	249	249	248
3296	-1	168	109	66
3297	2728	173	220	223
3298	3136	28	38	42
3299	3136	22	29	32
3300	-1	220	223	218
3301	-1	190	162	137
3302	3058	232	204	170
3303	3222	47	29	18
3304	3222	26	21	22
3305	3145	217	216	211
3306	3145	229	227	227
3307	3146	30	29	32
3308	3228	218	219	224
3309	3228	221	222	228
3310	3228	214	215	217
3311	3228	221	225	228
3312	-1	19	24	30
3313	3312	29	30	31
3314	794	229	228	224
3315	794	236	236	235
3316	794	253	253	253
3317	794	255	255	255
3318	794	255	255	255
3319	794	255	255	255
3320	794	255	255	255
3321	0	255	255	255
3322	0	254	254	254
3323	-1	7	6	7
3324	0	254	254	254
3325	0	255	255	255
3326	0	254	254	254
3327	-1	66	40	17
3328	3084	197	148	94
3329	2846	42	41	33
3330	-1	171	202	195
3331	2846	31	44	35
3332	2846	22	43	41
3333	-1	92	125	118
3334	3169	143	199	186
3335	3169	141	194	181
3336	-1	37	34	20
3337	-1	158	116	78
3338	3096	51	38	32
3339	3096	26	23	28
3340	3096	42	27	20
3341	3096	56	30	12
3342	-1	133	101	73
3343	0	254	254	254
3344	-1	104	104	105
3345	0	254	254	254
3346	-1	112	124	133
3347	-1	22	25	31
3348	3025	141	197	233
3349	3025	136	199	234
3350	-1	97	157	197
3351	3350	94	151	187
3352	3025	140	189	219
3353	-1	27	36	45
3354	3192	253	254	254
3355	3192	251	253	253
3356	2790	147	204	231
3357	-1	101	160	191
3358	2790	125	173	221
3359	-1	202	202	212
3360	3280	13	15	25
3361	3280	21	23	48
3362	3280	15	21	52
3363	-1	117	139	215
3364	3363	121	155	227
3365	3203	22	27	52
3366	3203	24	29	57
3367	3287	133	164	226
3368	-1	76	104	164
3369	3287	132	160	231
3370	-1	92	117	190
3371	3291	173	128	84
3372	-1	56	41	27
3373	-1	219	214	216
3374	-1	86	72	66
3375	3293	49	31	18
3376	3296	173	131	96
3377	3296	166	110	69
3378	2728	180	228	229
3379	2728	170	208	210
3380	3136	23	32	36
3381	3136	36	30	26
3382	-1	106	85	66
3383	3222	51	34	23
3384	3222	41	31	28
3385	-1	67	63	65
3386	-1	153	151	150
3387	3146	20	18	18
3388	-1	63	60	62
3389	3388	81	79	83
3390	-1	24	22	26
3391	3390	22	22	25
3392	3228	226	228	230
3393	3312	23	21	23
3394	794	221	219	220
3395	3312	30	28	28
3396	-1	150	151	152
3397	794	254	254	254
3398	794	255	255	255
3399	794	255	255	255
3400	794	255	255	255
3401	794	255	255	255
3402	0	255	255	255
3403	0	255	255	255
3404	0	252	252	252
3405	0	255	255	255
3406	0	255	255	255
3407	0	254	254	254
3408	3084	199	157	116
3409	-1	153	111	72
3410	3409	177	128	74
3411	-1	121	79	35
3412	-1	173	129	76
3413	-1	112	152	144
3414	3169	158	207	196
3415	-1	15	38	31
3416	3336	54	49	31
3417	3337	165	123	82
3418	3096	83	52	24
3419	3096	26	23	24
3420	3096	27	24	28
3421	3096	31	28	30
3422	3096	54	45	39
3423	3096	22	22	24
3424	0	254	254	254
3425	0	252	252	252
3426	0	255	255	255
3427	0	253	253	253
3428	0	252	252	253
3429	-1	63	69	77
3430	3025	127	186	221
3431	3025	131	190	227
3432	3025	133	193	229
3433	3353	36	43	53
3434	3192	251	252	253
3435	3192	254	255	254
3436	3192	254	254	254
3437	-1	24	41	53
3438	2790	123	182	215
3439	2790	105	155	193
3440	-1	250	251	253
3441	3280	20	24	45
3442	-1	111	131	196
3443	-1	60	79	140
3444	3363	98	127	197
3445	3363	89	121	202
3446	3363	83	118	187
3447	3287	125	161	232
3448	3287	115	151	219
3449	-1	48	44	49
3450	-1	230	231	231
3451	-1	191	174	156
3452	-1	222	217	215
3453	3452	230	216	198
3454	-1	182	161	137
3455	3454	188	171	154
3456	-1	231	220	203
3457	3456	231	225	215
3458	-1	45	37	32
3459	-1	225	222	219
3460	2728	177	220	225
3461	-1	95	112	116
3462	3136	22	27	29
3463	3136	42	30	22
3464	3136	41	31	26
3465	3136	22	20	23
3466	3136	30	26	28
3467	-1	222	222	222
3468	-1	111	109	110
3469	3146	35	35	35
3470	3146	25	23	26
3471	3146	24	22	26
3472	3146	40	38	43
3473	3146	21	20	24
3474	-1	73	72	75
3475	3474	87	84	85
3476	794	222	221	222
3477	3396	140	138	137
3478	794	244	243	242
3479	794	254	254	254
3480	794	255	255	255
3481	794	255	255	255
3482	794	255	255	255
3483	0	255	255	255
3484	0	255	255	255
3485	0	254	254	254
3486	0	255	255	255
3487	0	255	255	255
3488	0	255	255	255
3489	0	254	254	254
3490	-1	71	46	23
3491	3411	136	96	56
3492	3412	189	142	93
3493	3412	172	127	70
3494	3169	163	205	196
3495	3415	29	57	49
3496	3415	37	35	26
3497	3337	167	120	68
3498	-1	253	253	252
3499	3498	253	253	253
3500	3498	248	248	248
3501	-1	89	88	89
3502	-1	250	250	250
3503	3502	251	251	251
3504	3096	25	24	27
3505	0	254	254	254
3506	0	254	254	254
3507	0	255	255	255
3508	0	255	255	255
3509	0	253	253	253
3510	-1	21	26	32
3511	3510	22	31	40
3512	3025	125	186	221
3513	3025	120	184	215
3514	3192	249	250	251
3515	3192	254	254	254
3516	3192	255	255	255
3517	3192	255	255	255
3518	3192	251	253	253
3519	3437	34	51	64
3520	2790	119	169	210
3521	3440	250	250	252
3522	3280	19	21	35
3523	-1	250	251	253
3524	3523	251	252	254
3525	3523	254	254	254
3526	-1	139	185	228
3527	3526	138	217	228
3528	3363	78	112	177
3529	-1	228	224	222
3530	-1	151	140	127
3531	-1	231	215	195
3532	-1	118	103	90
3533	-1	41	34	30
3534	3533	41	30	23
3535	3533	47	32	20
3536	-1	159	124	87
3537	3454	176	157	130
3538	3456	233	212	182
3539	-1	81	65	49
3540	3459	233	223	211
3541	-1	24	25	30
3542	3541	34	41	45
3543	3541	20	22	25
3544	3541	37	36	39
3545	3541	26	25	29
3546	-1	93	91	94
3547	3467	223	222	221
3548	3136	27	25	29
3549	3467	222	226	225
3550	3467	220	220	221
3551	3467	222	222	226
3552	3146	62	60	65
3553	3146	25	24	28
3554	3474	79	78	82
3555	3146	31	29	33
3556	3146	19	20	24
3557	794	228	229	229
3558	794	249	249	248
3559	794	254	254	254
3560	794	255	255	255
3561	794	255	255	255
3562	794	255	255	255
3563	794	255	255	255
3564	0	255	255	255
3565	0	254	254	254
3566	-1	104	104	104
3567	0	254	254	254
3568	0	255	255	255
3569	0	255	255	255
3570	0	253	253	253
3571	-1	102	98	99
3572	3490	53	33	18
3573	3412	169	129	92
3574	-1	86	62	26
3575	3169	153	210	199
3576	-1	122	173	163
3577	3415	26	43	40
3578	-1	208	205	192
3579	3498	254	254	254
3580	3498	255	255	254
3581	3498	255	255	255
3582	3498	254	254	254
3583	3498	254	254	254
3584	3498	253	253	253
3585	-1	118	118	118
3586	0	254	254	254
3587	0	254	254	254
3588	0	255	255	255
3589	0	255	255	255
3590	0	253	253	253
3591	3510	18	20	25
3592	-1	69	70	74
3593	3510	31	39	47
3594	3025	133	188	219
3595	-1	34	43	56
3596	3192	252	253	254
3597	3192	255	255	255
3598	3192	255	255	255
3599	3192	253	254	254
3600	2790	129	193	226
3601	2790	128	181	234
3602	3440	252	253	253
3603	3440	252	252	253
3604	3440	254	254	254
3605	3440	255	255	255
3606	3440	253	254	254
3607	-1	25	45	59
3608	3526	134	212	217
3609	3526	134	221	229
3610	3529	201	224	230
3611	-1	185	170	155
3612	3611	178	160	139
3613	3533	41	30	21
3614	3533	51	38	34
3615	3533	50	38	29
3616	3533	43	30	22
3617	-1	205	185	157
3618	3456	237	219	190
3619	-1	47	35	25
3620	-1	173	152	126
3621	-1	195	178	156
3622	3459	233	223	209
3623	3541	21	22	25
3624	3541	31	29	33
3625	-1	121	120	123
3626	-1	228	228	230
3627	3626	229	229	231
3628	3136	33	32	35
3629	3136	28	27	31
3630	3136	23	22	25
3631	3467	231	231	231
3632	3467	234	232	238
3633	-1	137	135	140
3634	-1	230	229	234
3635	3146	27	27	33
3636	-1	166	193	218
3637	-1	61	60	63
3638	3146	32	30	30
3639	794	227	225	222
3640	794	254	254	254
3641	794	255	255	255
3642	794	255	255	255
3643	794	255	255	255
3644	794	255	255	255
3645	0	255	255	255
3646	0	254	254	254
3647	-1	34	34	35
3648	0	254	254	254
3649	0	255	255	255
3650	0	255	255	255
3651	0	254	254	254
3652	3490	32	27	31
3653	3490	60	39	25
3654	3574	96	56	22
3655	3412	167	115	60
3656	3169	139	202	192
3657	3169	161	213	203
3658	-1	64	43	26
3659	3498	253	252	252
3660	3498	254	255	255
3661	3498	255	255	255
3662	3498	255	255	255
3663	3498	254	254	254
3664	3498	254	254	254
3665	3498	254	254	254
3666	-1	32	31	34
3667	0	254	254	254
3668	0	254	254	254
3669	0	255	255	255
3670	0	255	255	255
3671	0	254	254	254
3672	3510	35	34	38
3673	3510	22	21	24
3674	3592	73	72	79
3675	3595	25	27	33
3676	3192	241	246	248
3677	3192	254	254	254
3678	3192	255	255	255
3679	3192	255	255	255
3680	3192	251	253	254
3681	2790	136	199	230
3682	-1	83	133	180
3683	3440	254	254	254
3684	-1	22	24	32
3685	3440	254	254	254
3686	3440	255	255	255
3687	3440	255	255	255
3688	3440	253	254	254
3689	3607	30	46	51
3690	3607	22	40	53
3691	3529	187	232	236
3692	3529	233	224	212
3693	3529	223	205	183
3694	3611	156	138	118
3695	3533	37	26	20
3696	3533	40	28	20
3697	3533	71	60	52
3698	-1	145	128	107
3699	3456	229	211	185
3700	3620	150	131	109
3701	3619	56	39	24
3702	-1	139	122	103
3703	3541	52	37	25
3704	3459	233	228	222
3705	3459	233	232	234
3706	-1	200	179	157
3707	-1	40	38	43
3708	3707	30	29	32
3709	-1	117	115	117
3710	3709	128	125	128
3711	-1	72	71	74
3712	3467	227	228	229
3713	3467	230	229	234
3714	3467	234	234	240
3715	3146	38	46	48
3716	-1	89	98	105
3717	-1	134	157	185
3718	3146	25	25	30
3719	3146	28	24	25
3720	794	253	252	252
3721	794	254	254	254
3722	794	255	255	255
3723	794	255	255	255
3724	794	255	255	255
3725	794	255	255	255
3726	0	255	255	255
3727	0	255	255	255
3728	0	254	254	254
3729	0	255	255	255
3730	0	255	255	255
3731	0	254	254	254
3732	-1	173	171	170
3733	3490	45	32	26
3734	3574	99	61	28
3735	3412	168	117	62
3736	3412	182	127	67
3737	3169	161	221	207
3738	3658	37	51	41
3739	-1	163	109	61
3740	3498	252	253	253
3741	3498	255	255	255
3742	3498	255	255	255
3743	3498	255	255	255
3744	3498	255	255	255
3745	3498	255	255	255
3746	3498	252	252	252
3747	3666	25	24	27
3748	0	254	254	254
3749	0	253	253	253
3750	0	255	255	255
3751	0	255	255	255
3752	0	254	254	254
3753	-1	91	88	92
3754	3510	35	33	37
3755	3510	27	22	27
3756	3510	33	30	34
3757	3510	52	50	56
3758	3192	254	254	254
3759	3192	255	255	255
3760	3192	254	254	254
3761	-1	26	43	53
3762	2790	125	188	216
3763	3682	96	160	203
3764	3440	252	253	254
3765	3440	254	254	254
3766	3440	255	255	255
3767	3440	255	255	255
3768	3440	255	255	255
3769	3440	253	254	254
3770	-1	128	216	223
3771	3607	26	41	47
3772	3529	188	233	236
3773	3529	204	228	228
3774	-1	185	168	148
3775	3533	41	28	19
3776	-1	74	63	55
3777	3533	37	26	19
3778	3533	43	29	22
3779	3456	226	212	187
3780	-1	185	170	142
3781	3456	232	213	189
3782	-1	184	164	138
3783	-1	234	218	195
3784	-1	179	160	136
3785	3459	239	228	214
3786	-1	41	30	22
3787	-1	129	109	92
3788	-1	234	228	222
3789	3788	233	231	228
3790	3788	227	224	220
3791	3788	234	231	231
3792	-1	39	38	41
3793	-1	126	125	124
3794	3467	233	233	234
3795	-1	178	221	222
3796	3795	182	217	217
3797	3146	22	28	34
3798	-1	188	211	236
3799	3146	25	28	38
3800	-1	94	90	92
3801	794	253	253	253
3802	794	254	254	254
3803	794	255	255	255
3804	794	255	255	255
3805	794	255	255	255
3806	794	255	255	255
3807	0	255	255	255
3808	0	254	254	254
3809	-1	38	37	38
3810	0	254	254	254
3811	0	255	255	255
3812	0	254	254	254
3813	-1	120	114	113
3814	-1	155	114	75
3815	3814	171	121	70
3816	-1	116	165	154
3817	-1	35	57	44
3818	-1	120	177	162
3819	3818	113	169	158
3820	-1	72	39	14
3821	3498	253	253	253
3822	3498	255	255	255
3823	3498	255	255	255
3824	3498	255	255	255
3825	3498	255	255	255
3826	3498	255	255	255
3827	3498	254	254	254
3828	-1	131	131	131
3829	0	254	254	254
3830	0	254	254	254
3831	0	255	255	255
3832	0	255	255	255
3833	0	253	253	253
3834	3510	27	22	26
3835	3510	45	39	44
3836	3510	33	27	32
3837	3510	28	24	29
3838	3192	247	247	248
3839	3192	254	254	254
3840	3192	255	255	255
3841	3192	253	254	254
3842	2790	139	203	232
3843	2790	133	201	234
3844	2790	138	201	240
3845	3440	253	254	254
3846	-1	31	32	38
3847	3440	254	254	254
3848	3440	255	255	255
3849	3440	255	255	255
3850	3440	253	253	254
3851	3770	128	198	209
3852	3770	122	216	223
3853	3529	179	227	232
3854	3529	182	223	225
3855	3529	231	221	207
3856	-1	103	89	76
3857	3533	38	27	20
3858	3533	54	42	36
3859	-1	167	133	97
3860	3456	225	208	185
3861	3456	237	222	196
3862	3456	231	212	184
3863	3456	240	223	196
3864	3784	195	176	151
3865	-1	120	102	80
3866	3786	46	34	26
3867	3786	56	40	31
3868	3786	53	36	25
3869	-1	229	201	190
3870	3869	223	200	174
3871	3869	216	183	167
3872	-1	144	112	100
3873	-1	197	165	151
3874	3467	234	232	231
3875	3467	233	229	229
3876	3795	177	225	224
3877	3146	22	29	35
3878	3798	178	201	238
3879	-1	133	157	188
3880	3146	26	28	37
3881	3146	26	24	26
3882	794	249	249	249
3883	-1	79	78	83
3884	794	255	255	255
3885	794	255	255	255
3886	794	255	255	255
3887	794	255	255	255
3888	0	255	255	255
3889	0	255	255	255
3890	0	254	253	254
3891	0	255	255	255
3892	0	255	255	255
3893	0	254	254	254
3894	-1	51	30	19
3895	-1	99	60	25
3896	3814	172	116	64
3897	3817	46	59	37
3898	-1	166	213	201
3899	3817	37	49	35
3900	-1	94	142	126
3901	-1	162	110	58
3902	3498	253	253	252
3903	3498	255	255	255
3904	3498	255	255	255
3905	3498	255	255	255
3906	3498	254	254	254
3907	3498	255	255	255
3908	3498	254	254	254
3909	-1	25	25	26
3910	0	254	254	254
3911	0	253	253	253
3912	0	253	253	253
3913	0	253	253	253
3914	0	253	253	253
3915	-1	77	74	78
3916	3510	31	26	30
3917	3510	32	26	31
3918	-1	83	77	82
3919	3510	31	30	34
3920	3192	249	249	250
3921	3192	253	253	253
3922	3192	250	253	253
3923	-1	124	156	176
3924	-1	100	169	205
3925	3924	124	191	226
3926	3440	249	251	253
3927	3440	254	254	254
3928	3440	255	255	255
3929	3440	255	255	255
3930	3440	255	255	255
3931	3440	248	249	250
3932	-1	24	36	41
3933	3770	129	220	226
3934	3529	174	224	231
3935	3529	170	221	227
3936	3529	172	225	228
3937	-1	178	160	142
3938	-1	230	213	192
3939	-1	108	94	82
3940	3533	41	29	23
3941	3859	158	141	120
3942	3859	179	161	135
3943	3456	232	218	193
3944	3784	186	168	145
3945	3456	232	216	192
3946	3456	238	225	207
3947	3865	119	108	97
3948	-1	171	139	133
3949	-1	119	91	82
3950	-1	174	150	126
3951	3869	230	209	185
3952	3872	143	109	96
3953	-1	58	37	24
3954	3872	136	104	94
3955	-1	157	129	124
3956	-1	36	28	26
3957	3795	169	222	222
3958	-1	80	110	114
3959	3879	119	142	184
3960	3798	159	182	212
3961	3146	27	43	69
3962	3146	24	27	32
3963	794	246	246	245
3964	794	254	254	254
3965	794	255	255	255
3966	794	255	255	255
3967	794	255	255	255
3968	794	255	255	255
3969	0	255	255	255
3970	0	254	254	254
3971	-1	51	51	52
3972	0	254	254	254
3973	0	255	255	255
3974	0	254	254	254
3975	3894	40	26	23
3976	3895	87	49	19
3977	3814	157	108	60
3978	3817	47	42	22
3979	-1	142	114	76
3980	3979	162	108	57
3981	-1	165	212	198
3982	3901	170	112	56
3983	-1	99	59	25
3984	3498	254	254	254
3985	3498	255	255	255
3986	3498	255	255	255
3987	3498	250	250	250
3988	3498	254	254	254
3989	3498	254	254	254
3990	3909	24	24	26
3991	0	254	254	254
3992	-1	32	32	34
3993	-1	75	73	77
3994	-1	28	25	29
3995	3915	79	75	77
3996	3510	26	24	28
3997	3510	31	29	33
3998	3510	30	25	29
3999	3918	71	66	70
4000	3510	27	23	27
4001	3510	48	42	47
4002	3510	32	29	33
4003	3510	38	44	54
4004	3924	127	187	225
4005	3924	144	208	241
4006	3924	127	192	225
4007	3440	252	253	254
4008	-1	93	91	93
4009	3440	255	255	255
4010	3440	255	255	255
4011	3440	254	254	254
4012	3932	29	57	66
4013	3770	127	213	221
4014	3770	139	214	228
4015	-1	88	122	184
4016	-1	11	36	53
4017	-1	72	105	158
4018	3529	174	224	226
4019	3938	231	227	211
4020	-1	182	167	148
4021	4020	203	187	165
4022	3859	134	125	113
4023	3456	226	210	187
4024	-1	139	135	132
4025	3456	219	217	215
4026	3456	237	233	227
4027	3456	237	222	198
4028	3456	225	202	179
4029	3948	170	149	122
4030	-1	53	31	22
4031	3950	174	153	129
4032	3950	189	154	147
4033	3950	170	136	128
4034	3953	67	44	35
4035	3953	60	35	28
4036	3953	41	31	29
4037	-1	226	221	218
4038	3795	167	222	223
4039	3795	168	219	226
4040	-1	23	47	60
4041	3798	134	168	205
4042	3798	171	203	234
4043	-1	107	135	166
4044	794	254	253	253
4045	794	254	254	254
4046	794	255	255	255
4047	794	255	255	255
4048	794	255	255	255
4049	794	255	255	255
4050	0	255	255	255
4051	0	255	255	255
4052	0	254	254	254
4053	0	255	255	255
4054	0	255	255	255
4055	0	252	252	252
4056	3894	54	46	46
4057	3894	39	32	31
4058	3895	89	50	17
4059	3979	148	107	69
4060	3817	71	40	19
4061	3817	86	47	17
4062	3901	145	101	64
4063	-1	64	43	18
4064	4063	43	33	31
4065	3498	253	253	253
4066	3498	254	254	254
4067	3498	253	253	253
4068	-1	76	74	74
4069	3498	253	253	253
4070	3498	253	253	253
4071	-1	58	56	61
4072	0	254	254	254
4073	3992	37	32	35
4074	3992	28	24	28
4075	3915	91	85	89
4076	3915	84	78	82
4077	3510	30	25	29
4078	3510	28	22	26
4079	3918	78	72	75
4080	3510	30	24	28
4081	3918	83	77	82
4082	3510	27	21	26
4083	-1	93	87	92
4084	3510	37	33	38
4085	3510	33	34	41
4086	3924	135	198	230
4087	-1	100	157	189
4088	3440	251	252	254
4089	3440	253	253	253
4090	3440	253	254	254
4091	3440	255	255	255
4092	3440	253	254	254
4093	-1	130	159	224
4094	3770	141	222	231
4095	4015	98	136	203
4096	4016	26	33	77
4097	-1	128	157	232
4098	4016	23	25	43
4099	-1	52	62	61
4100	3529	166	203	205
4101	3938	234	235	230
4102	3938	235	230	221
4103	-1	48	36	27
4104	3456	210	195	181
4105	-1	164	107	69
4106	4105	154	98	60
4107	3456	198	223	221
4108	-1	184	169	151
4109	-1	99	99	88
4110	3456	226	208	185
4111	3456	233	213	190
4112	4030	45	36	27
4113	3950	138	129	113
4114	-1	235	227	214
4115	-1	221	196	187
4116	-1	122	121	122
4117	3953	37	36	38
4118	3953	26	28	32
4119	3795	162	223	224
4120	3795	162	229	233
4121	3795	170	224	235
4122	3798	147	190	222
4123	-1	28	39	54
4124	4123	31	30	37
4125	-1	102	103	107
4126	794	254	254	254
4127	794	255	255	255
4128	794	255	255	255
4129	794	255	255	255
4130	794	255	255	255
4131	0	255	255	255
4132	0	254	254	254
4133	-1	53	49	53
4134	0	252	252	252
4135	0	252	252	252
4136	3894	51	48	52
4137	3894	43	39	43
4138	-1	110	105	107
4139	-1	82	76	78
4140	-1	34	28	28
4141	4140	36	31	34
4142	4140	51	41	39
4143	4140	62	40	27
4144	4140	47	31	22
4145	4140	52	47	50
4146	4140	34	29	33
4147	-1	81	76	80
4148	-1	32	27	30
4149	4148	46	41	43
4150	3498	252	252	252
4151	-1	36	32	36
4152	4151	31	28	32
4153	0	254	254	254
4154	3992	55	52	56
4155	3992	34	29	31
4156	3992	35	30	33
4157	3992	32	27	32
4158	3915	77	71	75
4159	3510	34	30	33
4160	3510	48	43	45
4161	3510	37	32	36
4162	3510	29	23	28
4163	3510	48	43	48
4164	3510	37	32	37
4165	4083	100	98	103
4166	3510	42	37	40
4167	3510	36	39	45
4168	3924	139	201	231
4169	3440	252	253	254
4170	-1	111	139	208
4171	-1	22	30	50
4172	3440	253	254	254
4173	-1	23	37	52
4174	-1	81	112	176
4175	4015	102	135	209
4176	4016	27	31	59
4177	4097	117	136	212
4178	-1	78	103	181
4179	-1	172	113	60
4180	-1	69	36	19
4181	-1	173	114	65
4182	-1	54	29	18
4183	-1	155	100	66
4184	4103	70	38	18
4185	4105	163	104	64
4186	4105	137	80	45
4187	-1	52	32	21
4188	4187	34	32	27
4189	3456	163	226	231
4190	3456	169	224	227
4191	3456	161	220	224
4192	4030	29	43	43
4193	-1	63	90	92
4194	-1	153	230	236
4195	4114	229	236	236
4196	4114	226	228	228
4197	3953	36	35	38
4198	-1	211	211	212
4199	3953	39	38	41
4200	3953	25	28	32
4201	3953	42	51	54
4202	3795	169	232	234
4203	3795	174	221	236
4204	3798	137	168	197
4205	-1	217	226	235
4206	794	248	248	248
4207	-1	25	24	25
4208	794	254	254	254
4209	794	255	255	255
4210	794	255	255	255
4211	794	255	255	255
4212	0	255	255	255
4213	0	255	255	255
4214	0	254	254	254
4215	0	254	254	254
4216	0	254	254	254
4217	0	254	254	254
4218	0	254	254	254
4219	0	254	254	254
4220	0	254	254	254
4221	0	254	254	254
4222	0	254	254	254
4223	0	253	253	253
4224	0	254	254	254
4225	0	254	254	254
4226	0	254	254	254
4227	0	254	254	254
4228	0	254	254	254
4229	0	254	254	254
4230	0	254	254	254
4231	0	254	254	254
4232	0	254	254	254
4233	0	254	254	254
4234	0	254	254	254
4235	0	254	254	254
4236	0	254	254	254
4237	0	254	254	254
4238	0	254	254	254
4239	0	254	254	254
4240	0	254	254	254
4241	0	254	254	254
4242	0	254	254	254
4243	0	254	254	254
4244	0	254	254	254
4245	0	254	254	254
4246	0	254	254	254
4247	0	254	254	254
4248	0	254	254	254
4249	0	254	254	254
4250	0	252	254	254
4251	0	253	254	254
4252	0	254	254	254
4253	0	253	254	254
4254	0	254	254	254
4255	0	253	253	254
4256	0	254	254	254
4257	0	254	254	254
4258	0	254	254	254
4259	0	253	253	254
4260	0	254	254	253
4261	0	254	254	254
4262	0	254	254	254
4263	0	254	254	254
4264	0	254	254	254
4265	0	254	254	253
4266	0	254	254	254
4267	0	254	254	254
4268	0	254	254	254
4269	0	254	254	254
4270	0	254	254	254
4271	0	254	254	254
4272	0	254	254	254
4273	0	254	254	254
4274	0	254	254	254
4275	0	254	254	254
4276	0	254	254	254
4277	0	254	254	254
4278	0	251	250	251
4279	0	254	254	254
4280	0	254	254	254
4281	0	254	254	254
4282	0	254	254	254
4283	0	254	254	254
4284	0	254	254	254
4285	0	250	252	254
4286	0	254	254	254
4287	0	248	248	248
4288	0	254	254	254
4289	0	254	254	254
4290	0	255	255	255
4291	0	254	254	254
4292	0	254	254	254
4293	0	253	254	254
4294	0	254	254	254
4295	0	254	254	254
4296	0	254	254	254
4297	0	254	254	254
4298	0	254	254	254
4299	0	254	254	254
4300	0	252	254	254
4301	0	252	253	253
4302	0	252	254	254
4303	0	252	253	253
4304	0	254	254	254
4305	0	252	253	253
4306	0	252	254	254
4307	0	253	254	254
4308	0	252	254	254
4309	0	252	253	253
4310	0	252	254	253
4311	0	253	254	254
4312	0	253	254	254
4313	0	252	254	254
4314	0	254	254	254
4315	0	252	253	253
4316	0	254	254	254
4317	0	251	254	254
4318	0	252	254	253
4319	0	253	253	253
4320	0	252	254	253
4321	0	250	252	252
4322	0	249	251	251
4323	0	253	254	254
4324	0	252	254	254
4325	0	252	254	253
4326	0	247	249	250
4327	0	252	254	253
4328	0	251	252	253
4329	0	252	254	253
4330	0	252	254	253
4331	0	254	254	254
4332	0	252	254	253
4333	0	252	254	254
4334	0	254	254	254
4335	0	252	254	254
4336	0	251	252	252
4337	0	252	254	253
4338	0	250	251	252
4339	0	253	254	254
4340	0	253	254	254
4341	0	253	254	254
4342	0	253	254	254
4343	0	249	250	251
4344	0	250	252	252
4345	0	253	254	254
4346	0	253	254	254
4347	0	253	254	254
4348	0	253	254	254
4349	0	253	254	254
4350	0	253	254	254
4351	0	252	253	253
4352	0	250	253	253
4353	0	252	254	254
4354	0	252	254	254
4355	0	252	253	254
4356	0	252	253	253
4357	0	252	254	254
4358	0	253	254	254
4359	0	253	254	254
4360	0	253	254	254
4361	0	252	254	254
4362	0	250	251	252
4363	0	253	254	254
4364	0	253	254	254
4365	0	253	254	254
4366	0	254	254	254
4367	0	253	254	254
4368	0	253	253	254
4369	0	252	254	254
4370	0	252	254	254
4371	0	253	254	254
4372	0	251	253	253
4373	0	244	249	249
4374	-1	104	134	153
4375	4374	113	141	162
4376	4374	115	146	165
4377	4374	109	140	159
4378	4374	120	146	164
4379	4374	117	143	161
4380	4374	104	136	157
4381	-1	175	187	193
4382	-1	110	139	158
4383	-1	139	161	174
4384	4383	118	146	164
4385	4383	132	157	171
4386	4383	125	151	167
4387	4383	121	149	165
4388	4383	148	168	178
4389	4383	153	170	182
4390	4383	133	157	172
4391	-1	174	185	194
4392	-1	119	144	164
4393	-1	149	166	179
4394	4393	168	184	196
4395	4393	153	172	185
4396	4393	158	177	189
4397	4393	170	185	195
4398	-1	120	143	159
4399	-1	169	182	190
4400	-1	138	157	171
4401	4400	137	155	171
4402	4400	133	155	170
4403	4400	109	135	153
4404	-1	173	183	191
4405	-1	107	134	152
4406	-1	164	177	188
4407	-1	116	140	157
4408	-1	160	176	186
4409	-1	109	137	154
4410	4409	134	154	169
4411	4409	147	165	179
4412	4409	136	156	170
4413	-1	106	135	152
4414	-1	168	182	191
4415	-1	106	135	153
4416	-1	151	169	181
4417	-1	116	140	158
4418	4417	124	147	163
4419	4417	105	132	151
4420	-1	165	178	187
4421	-1	108	135	154
4422	4421	135	156	171
4423	4421	125	147	162
4424	4421	127	148	163
4425	4421	111	138	155
4426	-1	164	178	189
4427	-1	106	135	153
4428	-1	160	175	185
4429	-1	108	138	154
4430	-1	137	159	171
4431	4430	133	156	170
4432	4430	110	139	154
4433	-1	163	181	193
4434	-1	133	159	175
4435	4434	144	166	180
4436	4434	140	163	177
4437	4434	126	150	165
4438	-1	160	177	189
4439	-1	126	151	166
4440	4439	135	157	171
4441	4439	135	157	172
4442	4439	131	154	168
4443	4439	138	158	172
4444	4439	145	164	177
4445	-1	113	141	158
4446	-1	173	185	196
4447	-1	116	142	158
4448	-1	168	181	191
4449	-1	113	140	159
4450	4449	127	151	167
4451	-1	166	179	190
4452	-1	104	134	154
4453	-1	138	160	175
4454	4453	116	146	163
